tenure,host_calls,usage_mb,direct_orders,region_seats,partner_visits,plan_years,promo_engaged,driver_price,churn
-1.109718,0.584587,0.506863,2.422873,0.360807,0.277206,-1.112989,-1.173489,-0.849218,1
-1.630150,2.412510,0.811982,0.025263,-0.800064,1.038856,-0.430030,2.166298,-0.509179,1
-0.689560,1.376012,2.086637,0.364492,0.206107,1.122449,-0.894758,2.094041,-0.462674,1
-0.453382,-0.276690,0.115058,-0.517894,2.400772,0.881097,-0.892955,0.975241,-2.396017,1
1.187054,1.925001,1.908901,-0.627507,-0.933366,0.668993,1.830475,0.951298,-1.202649,1
-2.350910,-0.549675,1.260298,-0.379946,-0.117969,0.438085,0.829127,-1.975117,-2.564935,1
-0.071738,0.128193,-1.159223,-1.101835,-1.519291,0.779366,1.277562,1.466496,-1.980868,1
-0.705009,0.608158,-0.091575,-1.039902,1.182308,1.577311,-1.549657,1.726286,-2.263138,1
-0.903596,-0.468909,1.238725,0.484373,-1.515607,-1.275965,0.850782,1.599950,-1.068531,1
-0.860759,1.886420,-0.408468,-0.202565,0.880333,-0.368597,0.441146,0.244250,-1.259943,1
1.367316,-0.397203,0.853456,-1.222777,0.939584,0.157451,1.923211,-0.193525,-3.493191,1
-1.192559,0.192153,-1.429507,0.110477,1.150631,-0.617506,-1.047021,-1.271627,-1.183671,1
-0.772658,0.278737,0.132968,-0.631156,-0.620345,-0.803085,0.706336,-0.671041,-1.344631,1
0.193921,-0.547034,-0.364595,-0.228119,1.146625,-0.075009,-2.052128,0.724046,0.958187,1
-0.732806,-0.759858,0.857668,0.866687,-0.511521,-1.313047,-0.677303,0.226911,-1.187757,1
-0.287466,-0.140995,-0.430280,0.296685,0.417415,-1.890904,0.409214,0.984802,-0.783571,1
0.161733,-0.189558,-0.358641,-0.159236,1.746615,-1.115665,0.251368,1.320664,-0.948303,1
1.012467,-0.449816,-2.517358,1.904495,-0.561519,1.130503,-0.228294,1.197989,-0.467418,1
0.880568,0.559639,-0.925008,1.375439,-0.551547,0.023798,0.422109,-1.124805,-3.151581,1
1.326875,-0.601017,-1.275758,0.217453,0.062472,0.896976,-3.108109,-0.722836,-0.051630,1
0.869084,0.159743,0.635806,-0.313652,0.799273,-1.848657,-0.879326,-0.425430,-0.538466,1
1.126738,0.473641,1.181210,0.350472,-0.561193,0.632596,-0.206676,-2.567037,-0.678849,1
-0.648167,-0.242228,-1.060117,-0.221809,0.746884,-0.150835,-2.574210,1.477130,-1.405530,1
0.744856,0.736103,-0.946476,-0.149697,0.058581,0.356410,1.413399,-1.844984,-1.587461,1
-0.948045,1.502472,-0.590060,-1.912045,-0.023367,-1.191724,-0.791948,0.695275,-0.651369,1
0.433799,1.051123,1.268503,0.493616,1.339712,0.068463,-1.448878,1.722378,-1.319633,1
0.355211,-1.135370,1.242399,0.132600,1.746423,-0.310867,-0.003176,0.018472,-2.222819,1
-0.676701,-0.184197,-0.565043,1.002852,-0.306360,0.182164,0.420825,0.329822,-2.308562,1
1.511995,0.259322,0.455161,0.304387,-0.464946,1.462162,-0.722935,-1.263556,-3.229909,1
1.105644,-1.741151,-0.711301,1.075242,-1.047951,-1.180642,0.624332,0.019280,-2.068590,1
-0.773894,-0.892162,-2.285486,-0.659426,0.673875,-1.145200,0.148206,0.286661,-2.020572,1
-1.180151,0.380233,0.486799,-0.310688,0.076320,-0.820288,-0.353517,-0.733117,-1.894716,1
0.291360,-0.255702,-0.272341,0.254369,0.436861,-1.229873,0.419495,-1.538770,-2.513878,1
-1.180779,-0.024626,1.353479,0.051021,-0.032091,-1.095411,-0.830225,-0.399732,-2.775923,1
0.560659,1.034816,-2.091241,1.571676,0.409153,0.539189,-1.285504,-0.600647,-0.281473,1
1.102436,0.373664,1.878061,0.162521,1.755222,1.502617,0.695040,-0.381999,-1.395524,1
2.185658,-0.094762,-0.496228,0.234264,-0.923577,0.810398,0.028077,-1.219479,-3.331666,1
0.946708,-1.331929,0.214506,0.889570,0.025971,-1.909712,-1.419976,1.170656,-0.658978,1
1.247337,0.029383,-1.051800,0.485363,1.532283,0.353457,-1.130901,-0.280860,-1.020545,1
1.689990,0.129386,-0.157524,0.017959,0.801743,1.934388,-0.873408,0.478015,-0.848882,1
0.762155,0.430309,1.679761,-1.292015,-0.210862,-2.374728,1.022177,-0.156592,0.407056,1
0.946736,-1.300409,-0.073820,-0.693639,1.238129,-1.711846,-1.425751,-1.762704,-0.638004,1
1.485946,1.081901,-0.766946,-1.306115,1.351077,-0.146148,1.413991,0.541983,-1.094086,1
1.082534,-0.557540,0.096339,-0.783444,0.138239,-0.147389,2.380453,-2.183021,-0.872947,1
-0.375214,-2.218759,-0.674687,0.979436,1.006761,-1.002425,0.692658,0.482022,-1.072245,1
-0.914992,1.223653,-1.234130,-1.180991,-0.631581,-0.055034,1.180161,1.851297,-1.144925,1
-0.597428,-0.551678,-0.298445,-0.856364,-0.219137,-0.969598,0.777252,0.055750,-2.074704,1
0.549817,-0.923199,0.514951,0.473304,0.678384,-0.141687,1.358066,-1.332031,-3.068422,1
-0.120482,0.160129,2.126176,-0.286145,-0.901824,-1.924770,-0.119144,0.681115,-3.222752,1
0.585506,2.451865,-0.660571,0.531075,0.286050,-1.232837,1.587494,-2.068028,-2.713276,1
-0.736950,1.086649,0.472884,0.905981,-0.389450,1.053894,-0.933535,-0.393297,-1.531817,1
-1.941626,-2.797278,-0.199280,-0.775647,-0.408185,0.802564,1.046229,0.061681,0.205309,1
-0.029537,0.834730,-1.477405,-0.480988,-2.283277,-1.208474,-0.362291,-0.606214,-1.706301,1
-0.779650,0.233413,0.666938,1.536917,0.419545,1.097216,-0.549220,1.003604,-0.919628,1
-0.968041,-0.198210,0.682792,0.837134,-0.883530,1.342660,1.807243,-1.476904,-2.002711,1
-0.283555,-0.158971,-1.405068,-1.838376,-0.690478,-0.929984,-0.442952,0.937662,-1.874877,1
2.024099,1.506788,0.364186,0.055173,0.088495,-2.298341,-0.114704,2.612515,-0.611795,1
-1.118568,-0.996221,-0.396298,-0.066635,-0.223186,0.012292,-0.583293,-1.607220,-2.592886,1
0.783736,-1.863303,-0.553236,-1.893074,0.750796,1.678705,-1.094330,1.280603,-2.176541,1
-0.948623,1.392906,-1.633178,0.653036,-0.059586,0.019673,-1.282624,-1.189635,-2.315761,1
0.487871,-0.892346,1.373323,0.642233,-0.110825,-0.971804,0.427155,-1.959719,-2.064918,1
-0.973463,-0.282955,-0.798983,0.518053,1.455372,0.118482,-0.584597,2.280924,-1.178962,1
-0.202403,-1.447934,0.215762,0.069152,-1.292091,0.548136,0.283611,-1.638304,-0.299742,1
0.352776,1.130771,-0.544773,1.297130,0.256058,0.994290,-1.122094,0.714322,-3.126009,1
1.221766,-0.855716,1.622334,0.487866,-0.960456,0.587241,-0.551563,0.072325,-1.562759,1
1.365354,0.056325,0.922725,-1.431718,-0.669086,0.279714,0.305953,-0.565330,-1.947596,1
-0.470995,0.165833,1.139229,0.839723,-0.181412,0.027162,-0.307050,-1.696175,-0.359758,1
-0.256507,2.961107,2.580478,0.334957,-0.129592,-1.681979,0.714534,-0.354359,0.190143,1
1.656335,-0.102713,0.880321,-0.312412,1.021637,-0.899508,0.952023,0.682381,-1.451686,1
1.711461,1.562459,0.669047,0.856856,0.630157,-0.026669,-0.500255,0.943031,0.889229,1
-0.201388,1.471294,1.416270,1.266916,0.423269,0.332538,-1.092766,-1.280175,-0.114175,1
1.431343,-0.066525,-0.595256,-0.840289,-1.035388,-0.265265,-0.381522,1.338971,-3.041193,1
-0.370234,0.210759,-0.955566,-0.451660,0.396960,-0.260815,-0.336354,-2.204138,-2.709052,1
-0.695092,0.736889,1.135270,-0.367509,0.965100,-1.919829,-2.547197,0.115153,0.281194,1
1.174260,0.907560,-1.282841,0.041617,0.008535,-0.523898,-1.138414,0.010898,-1.205889,1
2.634276,-1.891817,0.777906,0.972126,-0.279769,-1.128294,0.744026,-0.158264,-1.905968,1
-0.582901,-0.317060,-0.419010,1.381578,-0.432572,-0.435704,1.065346,-0.495811,0.027441,1
0.341926,1.241116,-1.242712,1.174488,-0.457905,-1.444540,1.821673,0.687835,-2.878390,1
0.054219,-0.333854,-0.041382,-0.813024,-0.277975,-0.271220,1.435218,0.290971,-1.011943,1
0.980243,-1.040170,-0.168553,-0.319852,0.923121,-0.413080,-0.285766,0.618070,-3.557582,1
-1.354311,0.383808,1.306515,0.320002,0.310253,-0.727964,-0.398734,0.571399,-2.313107,1
-0.592723,1.534504,0.468293,-0.813717,-0.711878,0.255806,0.190716,0.767962,-0.769697,1
-0.372633,-0.094677,0.187105,-0.910503,-1.160240,-0.825801,1.184410,0.191514,-0.154495,1
-0.471183,0.898766,-0.622402,0.777818,-0.481844,0.234217,-1.581132,-0.436001,-2.325857,1
0.000471,1.861554,-0.613863,-1.512010,0.345611,-0.712734,-0.334042,-1.686250,-1.459326,1
-0.550842,0.482643,-0.110116,-1.572016,-0.304472,-0.703628,1.291803,2.104334,-1.582666,1
1.555986,-0.157320,0.050934,-0.639911,1.449809,0.726819,-1.398289,3.968629,-2.075605,1
-2.603300,0.003788,0.406224,-1.640711,-0.877922,0.190316,0.944503,-0.747914,-2.434084,1
-0.936223,-1.130553,0.188461,0.547353,0.072744,-0.080979,-0.169876,0.533068,-3.013160,1
-0.366466,-0.253355,-1.271311,-0.165629,1.324507,0.467312,0.432012,-0.018519,-1.447620,1
0.395435,0.100640,-0.369767,-1.252508,-1.673991,-1.565357,-1.285431,1.241583,-0.411072,1
0.398753,2.027955,0.281192,0.667979,0.574393,-0.265671,-1.412491,1.572748,-0.236732,1
-0.315037,-0.771679,-0.307619,-0.225433,2.457564,-1.372864,-0.284379,0.359234,0.074850,1
0.527609,-0.066064,-1.185653,-0.648408,-0.538732,-0.911339,-0.542971,-1.723183,-0.517065,1
0.045874,-0.505155,-0.600485,-1.978614,0.058574,0.785900,2.477393,1.666593,-1.246495,1
-0.146329,1.691460,-1.558523,0.046751,0.162062,-1.159679,1.276425,2.999893,-3.013305,1
0.958001,-1.211113,0.460001,-0.063636,0.253969,0.043874,-1.206804,0.887912,-3.341136,1
0.665426,0.030745,1.053187,-0.527088,1.206060,0.561602,0.058630,-2.962022,-1.344507,1
-0.808934,-0.904375,-0.033645,0.438164,-0.745204,-1.021797,-1.122400,1.899598,-1.458750,1
0.645703,0.063817,0.767398,-0.422225,0.240188,-0.389983,-0.163528,1.373615,-2.236956,1
-1.123620,-0.640281,-0.178275,1.038434,1.005617,-0.070031,1.082748,-1.061706,0.075853,1
-0.139765,-0.195180,-0.840862,-0.063118,-0.060111,-0.388036,-2.738175,0.101684,-2.157954,1
-0.143031,0.399558,-1.125517,0.304675,0.330731,-0.862819,0.263655,-0.408504,-1.999484,1
-0.077373,0.276604,0.882686,-0.131806,-0.214393,0.339207,0.825153,-0.801547,-1.065902,1
0.550215,-0.039382,-0.220597,-0.081663,0.409096,0.915820,-0.863092,0.680984,-2.344788,1
-0.605973,1.831251,-0.902523,-0.153336,1.165438,-0.267043,-1.356689,-1.226505,-3.169016,1
0.100614,-0.788623,0.214369,-1.111630,0.549369,-0.182995,1.554706,1.160544,-0.873633,1
0.786111,0.414784,-0.023320,-0.981252,1.468636,-0.844800,2.741245,-0.465258,-1.030911,1
0.792664,1.067209,1.051558,-0.120476,0.706035,-0.381463,1.002893,0.502743,-1.685232,1
-0.524379,-0.808091,0.687195,-0.158534,0.779015,0.323682,1.285773,0.441870,-1.270906,1
1.567066,0.630285,0.111532,-2.763984,1.209095,-0.272151,0.579689,-1.116576,-1.832551,1
1.652472,-0.656796,-1.300502,-1.002552,0.374751,0.644059,-0.034493,-1.011773,0.473669,1
1.690507,-0.376779,-0.818366,-0.391948,0.326219,-1.085594,-1.222198,-1.070471,-1.896886,1
0.101705,-0.107917,0.476827,0.045775,-0.260938,1.509015,-0.640336,-0.717836,-0.842526,1
-0.805521,-2.095652,-1.334297,0.124215,0.254200,0.293956,-0.333514,0.810696,-0.067636,1
-1.378778,-0.852204,0.300281,0.626550,1.491754,1.159810,0.972197,-0.050475,-1.275897,1
-1.491579,-0.301692,-1.235552,0.215551,-0.965650,-1.645775,-0.458188,0.498458,-2.918124,1
-0.847349,-0.062180,-0.003808,-1.729978,0.623479,-0.400423,1.282919,1.642715,-1.886001,1
-0.738696,-0.086335,1.279464,-0.877015,-0.257751,0.414489,-0.270643,0.633892,-2.552494,1
-0.581871,-0.157437,-0.099806,-0.360435,0.371184,-0.175392,0.382044,0.348382,-1.114511,1
-1.151980,-0.172096,0.282300,-0.554721,0.594384,-0.812265,-0.191511,-0.523707,-2.189597,1
0.204386,-1.967602,-0.559402,0.472245,-1.835861,0.864310,0.798626,-0.648261,-2.278668,1
0.925433,0.087782,0.053692,1.115789,0.529730,-0.113527,0.451880,0.886248,-1.416270,1
1.054125,0.345711,-0.330830,-0.165536,-0.494432,0.153378,1.287845,2.014070,-2.055604,1
-0.272418,-0.193816,-0.412957,0.402699,0.863677,1.461694,-1.225812,1.302106,-1.659736,1
-0.342242,-0.401669,0.757047,1.266759,0.807891,-1.321411,-0.239218,-0.499761,-1.966637,1
0.002201,0.096484,-0.847527,-0.233711,-0.457375,-1.924267,-1.181973,0.643294,-1.358335,1
-0.321132,-0.168246,-0.998816,-0.003190,0.040091,0.289106,1.678454,-0.198651,-2.194050,1
0.209939,0.114447,-0.570603,1.396984,-0.341304,0.064906,-0.145286,0.451872,-1.650399,1
0.183286,0.306037,-1.182576,-1.283617,0.269204,0.128446,-0.201380,-0.191900,-1.624550,1
0.151802,0.165917,-0.043841,0.862525,0.322784,-0.856699,-0.602677,0.723097,-0.934289,1
2.256721,-2.604342,-0.158105,-1.339888,0.313674,-0.319643,0.873432,1.028546,-2.475072,1
-0.867856,1.663358,0.025457,-1.799305,-1.557456,-0.476657,0.359179,2.244929,-1.958681,1
-0.118803,-1.377444,0.068249,0.023118,-0.333427,-0.740608,0.331811,0.209100,-0.583072,1
0.086860,0.691172,-0.387568,-0.704820,1.000044,-0.802379,-0.319136,0.597311,-1.639175,1
-0.024172,-0.902121,0.006146,-1.008464,0.143967,0.452280,0.631743,0.725265,-2.459576,1
1.362103,0.070517,2.437239,0.793003,-0.579369,0.622264,0.738101,-0.261344,-1.619493,1
-1.135570,-0.289434,-0.080596,0.714337,0.032324,-1.872511,-0.993601,0.218728,-2.742227,1
-0.809960,0.049993,-0.967961,-0.471007,0.860599,0.144580,1.252742,-0.399082,-0.248525,1
-0.809840,-0.128035,-1.418384,-0.665470,0.313469,-0.128946,-2.073243,0.420527,-1.340281,1
-0.153106,0.023094,0.616195,1.822641,-0.300681,0.556721,0.086730,-0.046215,-0.141453,1
0.329267,2.026972,0.163003,0.757911,-0.623117,0.981811,-0.769765,-1.595455,-0.601435,1
-1.177361,-0.372788,-0.268871,-0.988600,-0.822166,0.457609,0.058571,-1.038742,-1.367055,1
1.550837,-0.486816,-0.871291,0.934025,-0.092206,-0.167649,-0.555765,-0.954272,-2.226875,1
-1.860771,-1.339100,-0.192948,-0.545514,-0.743095,-1.278294,0.699843,1.001588,-2.079513,1
1.259844,2.262822,-0.171193,-1.337782,-0.555676,0.195778,-0.721518,0.577000,-1.969991,1
-0.412830,0.201187,-0.423057,-0.427080,0.551457,0.259319,-0.467073,0.326315,-0.222388,1
0.800165,-1.127072,0.331921,0.457619,0.303265,-0.985495,-0.242961,-1.764696,-2.728421,1
-0.028002,0.447204,0.509225,-0.457278,-1.318092,-0.035328,0.112573,-1.256603,-2.724719,1
-0.368118,0.082256,-0.230781,0.695962,0.908769,0.432957,0.103833,-0.216469,1.386763,1
-0.720863,0.250909,1.786950,0.919655,0.715481,0.862477,0.209187,-2.031078,-2.670179,1
-1.002166,1.197925,0.014502,0.684355,-1.022065,0.256080,-1.484348,1.581173,0.916910,1
-0.073643,1.249984,-1.158982,-0.523247,-0.714879,0.995181,2.898864,-0.980424,-0.341711,1
1.793323,1.939310,0.507626,0.215092,0.873119,-0.900897,1.015873,0.621728,-0.706469,1
-1.568835,-0.005779,-2.783272,0.474030,0.488445,-0.716649,-1.385513,1.034217,0.144413,1
-0.450757,0.479409,-1.312321,1.666617,-0.253486,-1.307834,0.028773,1.779716,-0.876575,1
-0.319594,0.363533,-1.113224,0.844199,-0.376136,-1.009850,-1.029179,-1.186096,-3.082621,1
-0.757273,-0.190394,0.847577,-1.513320,-1.370191,-0.825413,-0.365102,0.495031,-1.520804,1
1.460180,-1.325236,0.846967,-0.320736,0.218064,-1.951142,-0.545479,0.734152,-2.569495,1
-0.191831,0.283955,0.390490,1.202306,-1.666539,1.063805,0.827525,0.138270,-3.031736,1
0.044382,-0.823092,-0.375901,0.610517,-0.252591,0.093141,-0.241502,0.152263,-0.912067,1
0.699452,0.925104,-1.833113,0.434903,-0.317270,0.445392,0.336902,1.385256,0.173195,1
-0.742369,0.018931,0.767398,-0.113634,-2.034916,0.106953,1.150560,0.406172,-2.683600,1
0.309182,-2.007282,-0.050301,0.748221,0.082913,0.176527,1.249848,-0.205671,-0.905993,1
0.802363,-2.145731,-0.419983,1.349490,-0.460554,0.753205,-0.685686,-1.275806,-1.229495,1
-1.353728,-2.159058,-0.161051,1.605827,-1.742797,-2.383301,0.620069,1.579050,-0.803481,1
0.220306,1.311659,-0.446468,-0.150939,1.012480,-0.810190,-0.146966,-1.801894,-2.393488,1
0.615217,2.816542,-1.606935,1.746474,-0.792245,0.503717,0.331432,-0.613031,-1.133864,1
2.589682,-0.627271,0.733358,-0.315741,-0.249550,-0.316261,0.186858,-0.055799,-0.659352,1
-0.797996,-0.295957,-0.411486,2.377747,1.222979,0.548895,-0.303338,0.622057,-0.414642,1
-1.248409,-0.910001,-0.745718,0.335218,0.695459,0.671938,0.154107,-0.781396,-2.958960,1
0.598109,-0.743351,-0.867802,0.916760,-0.537315,-1.601349,1.773669,0.444824,-2.006097,1
-0.104838,1.132976,-1.919695,-0.280036,0.547325,-1.438053,1.479047,0.467939,-2.505226,1
-0.568378,-1.080463,0.463071,-1.183286,-1.396641,1.280533,-0.608644,1.656877,-1.510560,1
0.468835,0.335850,1.648214,0.875315,-0.466714,2.799060,1.916598,1.042750,-1.648858,1
-0.207819,-0.331280,0.782451,0.617092,-0.340983,-1.210165,-1.310765,0.290390,-2.542450,1
1.883272,1.380239,0.490080,-1.481746,-0.471178,1.219197,-1.014563,-0.447830,-1.000231,1
-0.070571,0.529673,2.897797,0.175720,0.812673,0.869430,-0.301259,-0.369111,-1.918650,1
-1.270505,0.709723,0.636788,0.531180,1.217737,-2.292369,0.498199,-0.076624,-2.243665,1
0.161931,-2.031623,-0.368468,-1.116785,0.528193,1.060109,-0.210492,0.313529,-1.648163,1
-0.102878,-2.540087,0.618008,1.073231,0.555697,1.348015,-0.704919,1.050836,-1.227636,1
0.082799,-1.093850,0.274165,1.056246,-1.356310,0.232791,-0.792160,0.646432,-1.875909,1
0.180647,0.963717,2.047950,-1.031250,-0.648469,2.454434,-0.652691,0.578491,-1.041499,1
-1.639058,-0.586628,0.552354,0.548025,-0.455360,1.539274,-0.614337,-0.038612,-0.789013,1
0.410693,0.656251,1.051197,0.854120,0.038507,1.632537,1.280273,0.031939,-1.452635,1
-0.639418,0.201560,-0.255822,-0.600250,0.968780,-0.047426,-1.063839,-1.005631,-1.800751,1
0.722462,0.522578,-1.264997,-2.358780,0.643695,0.605558,0.853862,-0.440917,0.248562,1
1.288385,-0.999901,1.187044,0.810726,0.522259,-0.502938,-0.100158,0.742441,-1.569736,1
0.325771,-0.980617,-0.292696,3.060007,-0.308515,-0.270964,0.586287,-0.215863,-0.444044,1
0.013891,0.625236,0.013869,-1.665464,-2.296022,-1.393459,0.599937,-1.854626,-3.382786,1
0.013526,-0.046614,-0.918858,0.821977,-0.492145,-1.704344,-0.055385,-1.768931,-1.101779,1
0.310592,0.205552,0.050926,-0.153036,-0.832443,1.052773,-0.656592,-0.274597,-2.390111,1
-2.506061,-0.516857,0.138908,0.129221,-0.904060,0.444907,0.327254,-1.252263,-0.179557,1
0.032534,-0.850239,0.663319,0.168696,0.777889,0.373396,-0.976796,0.343564,-4.268757,1
0.097123,-0.097057,-0.733402,-1.129397,0.353344,0.995126,0.164412,-0.519231,-1.722503,1
-0.649040,0.483058,-0.697306,-1.499155,0.335740,-0.552451,-0.511754,-0.491912,-4.315750,1
-1.778345,-0.076563,1.603442,0.971254,1.481815,0.162942,-1.094080,-0.194810,-1.443974,1
0.405412,-0.616713,-1.114778,-0.141488,-1.767034,0.564331,0.129977,1.922293,-2.187081,1
-0.639627,-0.017195,-1.414752,-1.163689,0.161333,-0.395579,-1.276629,-1.204870,-1.495519,1
1.947482,1.503335,0.594980,2.262810,-0.580750,-0.466499,0.684274,0.005575,0.674569,1
1.272772,0.331945,-1.264959,-0.067917,0.366390,1.178945,-0.083542,-0.553194,-1.519279,1
0.959956,-0.483660,1.926427,0.275368,1.291204,-0.344201,2.324573,1.447955,-0.152618,1
-1.335082,1.005172,0.448654,0.357985,-0.259653,-1.284927,0.048344,0.185749,-2.010307,1
1.966305,0.646138,2.118905,-0.325744,1.379543,0.394367,-0.595169,0.167544,-1.420336,1
0.648179,0.335133,0.564403,-0.773543,0.816623,-0.677113,-0.166624,-2.578615,-2.293975,1
-0.974369,-0.308531,0.025920,-0.899807,1.186516,0.954160,-0.270406,-0.213046,-2.134505,1
1.165718,-0.468347,1.131285,0.209825,1.549786,0.013136,0.817438,-1.028239,-3.953195,1
0.288265,1.262140,2.839400,0.231460,-0.245227,-0.718053,0.259325,0.424280,-1.939759,1
0.397544,-0.268909,-0.180760,-0.883508,0.652084,0.463277,1.671624,-1.078842,-1.145460,1
1.190631,1.169160,0.964291,0.736039,1.712174,-1.337913,1.732747,1.877141,-2.052500,1
1.419142,0.375691,0.685759,-0.946453,-0.026160,0.104342,-0.285853,0.459992,-0.021828,1
0.608682,-0.888622,-1.169866,-1.023631,1.273080,0.121802,-0.748930,-0.268131,-1.367801,1
0.915610,0.653410,0.099547,-0.311561,-1.658913,-0.608464,-1.300721,-1.268613,-2.036857,1
2.801380,-1.439258,-0.026558,-0.059076,1.969123,2.121101,-0.298754,-0.182397,-2.643487,1
-0.674513,0.351980,-0.330917,-0.735520,0.545910,1.196023,0.000103,-0.960052,-1.689290,1
0.343004,-1.338666,-0.432980,-1.230734,0.876510,-0.952132,1.492030,-0.401905,-2.125030,1
0.700157,1.340881,-0.888681,1.321354,-0.246252,-0.042875,-0.434913,1.967403,-0.486851,1
-0.466760,1.723823,0.008382,-0.509030,-0.881385,1.032770,-1.072488,-0.888083,-1.659803,1
-0.287412,0.339751,1.566098,0.554580,0.192001,-1.392963,-0.040915,0.780215,-0.949147,1
-0.302637,-0.234110,-0.257343,-0.188303,-1.325874,1.325273,-1.513541,0.874558,-1.791397,1
-1.314316,1.090915,-0.975243,1.243608,-0.774572,0.789956,-0.951118,-0.179415,-1.529930,1
1.622252,0.666593,0.114218,-1.174365,0.455997,-1.702444,1.905088,0.713653,-2.201150,1
0.200300,-0.774784,-2.185542,-0.885393,-0.153664,-0.108825,1.076502,0.902092,-0.172957,1
0.237313,0.761227,-0.201588,-2.075335,-0.375815,0.884271,-0.339559,-1.139111,1.137404,1
-1.842264,-0.819961,-1.978987,-0.574465,0.526176,-1.016147,1.286521,-1.062944,-3.024654,1
-0.279628,-0.869269,-0.489620,-0.059569,0.887257,0.170278,0.618813,-2.245574,-3.105746,1
-0.955984,-0.203540,0.196867,-1.299869,0.998099,0.080734,-0.305638,-1.172986,-1.687161,1
-1.097245,0.906819,-0.839713,-2.655981,0.729115,-0.674509,-1.176585,-0.026170,-2.610911,1
1.699331,1.274392,-0.618493,0.756611,0.464075,0.701911,-0.727979,0.067110,-0.413818,1
-1.337531,0.123244,-0.129791,-2.486609,0.122304,0.164159,-0.021025,0.617185,-3.108865,1
-0.487511,1.223920,-0.028122,-0.126969,-0.951042,-0.653864,-0.913603,-1.191007,-0.366036,1
0.565098,0.736714,1.635679,-0.898656,0.369052,-0.145834,-1.144276,-0.190405,-2.702731,1
-0.692002,1.648085,-0.350074,0.973632,0.968733,0.271026,-1.214978,-0.100940,-2.545023,1
-0.629198,0.167999,1.047885,1.372969,-0.916408,-0.426607,-0.107343,0.350228,-2.728231,1
0.214193,-0.307339,0.111099,-0.953167,-1.331571,0.340424,0.647085,-0.187565,-2.691239,1
-0.184894,0.739174,0.267813,0.283318,-0.517619,0.197004,-1.074974,-1.354169,-3.758462,1
0.021790,1.184727,0.426229,-0.440103,0.459988,-0.369082,0.790785,0.914053,-2.722023,1
-0.514244,-0.827093,-1.160198,0.342164,-0.422859,-0.217742,0.535073,0.456772,-1.506977,1
-0.685114,0.731997,1.071841,-2.012598,0.535867,0.655414,-1.273526,1.126998,-0.569127,1
-0.023920,0.721835,-0.736983,1.625626,1.231032,0.544923,-1.277433,-0.114786,-1.417274,1
0.793991,-1.126789,1.008630,-0.313038,0.291159,-0.579392,-1.399085,-1.267077,-1.640820,1
-0.536547,-0.119052,0.494838,-0.883379,0.325657,2.080874,-1.342181,-0.314153,-3.657854,1
0.083205,-0.165504,-0.346743,1.214373,0.219340,0.731148,0.037519,1.254715,-0.510538,1
0.063960,0.269455,-0.994206,0.401085,-1.095358,0.516880,0.346811,0.494084,-1.088555,1
0.023703,0.677229,0.886674,-1.862896,0.530124,-1.584436,-1.311576,1.157292,-0.752643,1
0.662409,-1.085855,-0.325940,1.886993,0.337413,0.906528,-1.034341,-0.123691,-1.673640,1
0.437929,-0.444837,0.157084,-1.390699,-0.968682,0.046598,1.100181,-1.030629,-1.782729,1
0.220774,0.259915,-1.081655,0.875755,-0.601453,1.139795,0.585490,-1.476785,-1.764789,1
-0.304120,1.156224,-1.786127,-0.069355,-0.389240,-0.264659,-0.076509,1.729679,-1.382183,1
-0.548052,-2.046160,0.170794,-0.880156,1.083055,0.574542,0.573368,1.203709,-2.484508,1
-0.316523,-2.159847,0.579895,1.125487,-0.559276,0.822419,0.339569,-0.904637,-0.340828,1
-1.206207,-0.929604,-1.310440,2.004484,0.487233,-1.100193,-0.337991,-0.203253,-1.879772,1
0.499895,-0.936472,0.948894,-0.547279,-1.241138,-0.003543,-1.022373,0.471082,-1.979833,1
-1.357166,1.156169,1.533313,-0.351248,1.070136,-0.920765,-0.040507,0.438426,-1.523102,1
-0.178962,-1.036228,-1.103402,-1.574723,-0.335249,-0.053129,0.197357,1.053794,-1.311459,1
-0.104080,0.896359,-0.290818,0.304910,0.914873,1.528802,-0.837953,-2.361449,-1.524471,1
-2.002047,1.651627,1.367544,-0.565657,0.106895,-0.917448,0.458019,1.475926,-2.658798,1
0.075086,0.459577,1.583705,-0.157011,1.024573,-0.078789,-1.513369,-0.615397,-2.362981,1
0.423200,-1.382022,-1.063270,0.513544,1.272129,1.696109,0.981814,-0.330159,-0.964912,1
1.026959,0.686327,-1.364493,0.467192,-2.203317,0.782846,0.594774,0.400571,0.288535,1
0.280316,0.294132,1.553150,0.251427,-0.000616,0.976576,-0.019227,-0.450152,-0.463004,1
-1.048992,0.292896,-1.211686,-0.889440,-0.355077,0.963311,-0.421401,2.155753,-3.046494,1
-0.316146,0.062618,-0.240683,1.034886,-0.975451,-1.237421,0.427753,-1.119530,-3.534940,1
0.097806,0.360453,0.399012,-1.711817,1.720194,-0.364187,1.376160,0.830159,-2.696535,1
0.904906,1.228433,0.662438,-0.178762,-2.644734,1.511229,-0.147611,-1.107511,0.117457,1
-0.440662,0.099989,-0.391288,1.330566,-0.458659,2.100879,-0.066325,-0.847631,-0.858249,1
-2.088927,-1.250684,0.043620,-0.325094,0.807550,0.897128,0.906386,0.003882,-1.653750,1
1.549812,-0.885722,-1.752383,-2.091722,0.233882,0.198472,-0.008662,-1.618877,-1.857267,1
0.634792,-0.791736,0.787735,-0.303756,-0.984901,-0.150413,0.496732,-0.739162,-1.582413,1
-0.107000,-1.258055,-0.035013,1.136208,-1.010234,0.733748,1.142483,1.922394,-1.412595,1
0.442062,-1.667886,-1.330389,-0.815188,1.201851,0.004950,0.276530,1.158430,-1.380169,1
0.190367,-1.653338,-0.613164,0.077066,-1.946314,0.478580,0.047412,-0.615161,-1.692422,1
-0.314529,-0.681141,1.077961,-0.161525,0.229062,0.813625,0.190953,0.264965,-2.167001,1
1.151948,-1.323099,-1.553609,-1.714038,-0.661011,-0.340767,0.495631,1.497602,0.290354,1
-0.069852,0.510029,0.078313,1.042110,0.783767,0.361929,-0.696851,-1.231188,-2.369345,1
0.049738,-2.419185,1.283969,-0.279437,-0.596243,0.429353,0.167383,0.638017,-1.717866,1
-0.425179,0.479922,-0.615749,-0.158838,-0.929970,-0.243524,-1.978895,-0.212163,-2.129366,1
1.692772,1.046603,0.227860,-0.143749,-0.826466,0.733178,-1.142349,0.643709,0.036361,1
0.531709,-0.148063,-0.527348,0.303532,-0.040714,1.476141,0.385404,1.424591,-1.918600,1
-0.586752,0.390191,0.106710,-0.812205,3.025822,-1.596932,0.221327,-1.198587,-2.248828,1
0.030591,0.452132,-0.262137,-2.225887,0.553589,0.306711,-0.382546,-0.091524,-2.629561,1
1.550016,1.463037,0.216629,-1.423676,-0.122364,-0.149422,-0.316965,0.467597,-2.194848,1
-0.582439,0.718566,-2.308609,-0.624057,0.172139,0.683239,1.116386,-1.594332,-0.289387,1
0.841367,-1.261737,0.169804,-0.684267,-0.694703,-0.365848,-0.539737,-0.484662,-1.397617,1
-0.013241,-1.712979,-0.318928,-0.732921,-0.357885,1.425895,-1.559817,-0.538532,-1.241854,1
-0.033956,-2.528295,0.666388,-0.205032,-0.400068,-1.434547,1.632995,-1.202333,-0.304477,1
0.876716,-0.804494,1.270145,2.302893,2.357279,-0.115314,-0.077104,1.671997,-0.558782,1
-0.254446,-0.164226,-0.057580,3.110152,-1.088177,-1.024431,0.201240,-1.061480,-2.938937,1
0.105255,0.024513,-0.402783,-0.842366,-0.707067,0.305035,1.337622,1.450018,-0.558004,1
1.558178,-1.414739,0.573816,0.496057,0.574326,-0.466786,0.041242,1.043425,-3.310541,1
-0.683248,0.080338,0.543731,0.441218,-0.819763,-1.121675,0.165669,-0.766091,-2.263958,1
-0.255888,0.493396,1.615964,-0.189572,0.127318,1.062817,0.579332,1.214575,-1.022096,1
-0.179491,1.308302,0.157838,-0.425762,0.967925,0.749574,2.541908,2.042695,-0.127924,1
0.187171,-0.178226,-1.084988,-0.489428,0.434357,0.280348,-0.424955,-0.281936,-1.950037,1
0.461929,1.347906,-1.124117,0.894083,1.610085,0.743160,1.147780,0.052683,-2.191149,1
2.226436,-1.106330,0.577647,-0.607555,0.572321,0.737632,0.678805,0.455951,-2.248348,1
1.962437,-0.128613,-0.147917,-1.578373,-1.811882,0.744136,-1.400854,1.145696,-1.767241,1
-1.378909,1.248998,0.983157,0.272316,1.275460,-0.656709,0.114648,0.751360,-2.826180,1
0.271366,-0.870811,-0.005393,-1.184321,-1.879867,0.460143,1.076986,-0.232903,-2.489354,1
-0.911897,0.882810,-0.778230,-2.271754,1.991805,-0.450848,1.679206,0.432805,-0.591827,1
0.496587,-0.101411,0.907906,0.035895,1.029834,-1.098940,-0.586530,-0.745827,-0.885662,1
-0.847391,0.760381,0.672519,0.313891,-0.591682,1.244141,0.115761,0.048188,-1.529268,1
-0.912091,0.360065,0.066779,-2.522271,1.381866,-1.405707,1.658422,-1.908479,1.066579,1
-1.526412,-0.110939,-1.265625,1.225523,0.072411,-0.052925,-1.151180,1.260660,-1.339573,1
3.291511,0.247356,0.917869,-2.078406,-1.475743,1.077307,-0.506866,-2.664368,-1.472383,1
-0.371904,0.024474,0.154637,0.639346,-0.975104,2.467186,-0.003005,-0.989660,-2.013605,1
-0.649817,-1.494507,-0.835662,1.955757,-0.211655,1.187708,-1.442092,0.376825,-0.788936,1
0.392646,0.907415,-1.824538,-0.615254,-0.793852,1.072100,0.671481,-0.537649,-1.149564,1
-1.486837,0.872890,-1.010457,-1.904692,0.825259,-0.920769,-0.142664,-0.519485,-2.177813,1
-0.972154,1.159912,-0.048303,0.744033,-0.772889,1.326709,-1.036402,-2.184868,-0.865628,1
1.681844,0.747927,-0.703594,-1.659166,-0.853219,-0.282978,1.528934,-0.052031,-1.586756,1
0.674972,-0.834204,-1.555523,-0.512529,-1.706734,-1.713983,2.147451,-0.201756,-1.892160,1
-0.678276,1.042856,-0.556864,0.398533,0.704895,0.859799,0.188316,1.222135,-1.951718,1
-0.541425,0.986072,-1.232269,2.595757,0.667924,1.002244,-0.872092,0.509096,-1.866824,1
-0.889505,-0.647378,0.855196,-0.855024,0.979587,0.816272,0.984304,1.109487,-2.353080,1
-1.027923,-0.116914,0.174664,-0.475354,-0.540123,-1.015321,1.273225,-0.457228,-1.870196,1
0.645748,1.322325,-1.463106,1.496259,1.525966,-0.773481,-0.450444,-0.313860,-3.773181,1
0.467348,-0.146247,-1.069625,0.310619,0.049042,-0.057970,-1.128037,-0.042808,-1.381188,1
0.728377,1.527564,1.385807,0.557859,0.832456,-0.692078,1.402308,0.137830,-1.053543,1
-2.019238,0.243260,-1.218507,-0.716280,0.405885,0.575489,-1.303523,-0.136228,-2.532517,1
0.421647,0.355495,-0.228538,1.487898,-0.978658,-0.718404,0.128198,0.833661,-1.341450,1
-0.206652,-0.762852,-1.852303,-0.348066,-0.423917,-0.094243,-1.668457,0.237072,-1.086978,1
-1.412219,0.989829,0.145275,1.956652,-0.896605,-0.654653,0.398070,0.292163,-0.112671,1
0.074990,0.074439,1.493109,-1.129615,0.468740,-0.041026,-0.319470,0.928005,-2.643759,1
0.823409,-0.214029,0.174016,0.118359,2.426731,0.470255,-0.862574,-0.481489,-2.017872,1
-0.203724,-1.519034,-0.472049,0.222551,-0.775174,0.948246,0.501064,0.080979,-2.150206,1
-1.117254,1.492080,1.294340,-0.969425,2.306711,-0.054956,0.338355,-0.478398,-1.915292,1
1.320700,-1.625480,-2.156787,-1.065120,-0.618988,1.589124,1.093237,-0.589469,-2.450762,1
-1.164839,-1.150793,-0.024994,0.333799,-0.039601,0.153543,-0.597053,-1.275238,-2.028060,1
-0.057931,0.217744,1.470040,1.623537,0.755056,0.378708,0.573154,1.144154,-4.098485,1
0.119224,-0.320581,0.118975,-1.906275,-0.298876,-1.661263,-0.200209,0.757769,-2.484414,1
-0.009075,1.096658,-0.329824,-0.143486,0.873376,2.206013,-1.364927,1.276442,-1.811354,1
-0.698100,0.538373,2.893946,0.499104,1.111252,1.094217,-0.138878,-0.199506,-1.399825,1
1.342425,0.031265,-1.371730,2.030156,-0.898818,-1.567822,0.855179,-0.192876,-0.966776,1
-0.451329,-1.360365,1.471347,0.295423,-0.171987,0.230007,-1.218812,0.460873,-3.159404,1
0.873003,-1.508801,-0.913571,0.749347,-0.738590,0.210273,0.227695,-0.782620,-1.129209,1
-0.923691,0.305780,0.691221,0.523939,0.654797,-0.904661,0.668499,-0.678759,-2.026821,1
-0.717630,0.655305,-2.274692,-0.246495,0.515202,0.372848,0.375473,-0.078322,-4.172025,1
-0.271906,0.607694,-0.085045,0.179569,0.391117,0.254467,0.441947,-0.134294,-1.412386,1
0.593613,1.586411,0.926425,-1.214206,-0.074961,0.667040,1.265357,-1.903415,-0.961326,1
-1.521015,-1.073107,0.353010,1.765458,0.160235,0.536989,0.589670,-0.745689,-2.384275,1
0.361381,-0.300283,1.157366,-0.526338,-1.391334,-0.285426,1.521041,-1.560098,-1.277684,1
0.018308,0.829219,-0.472509,-1.135334,-0.454407,0.123134,1.446079,0.634195,-0.805100,1
0.901750,-0.410471,0.043875,-0.535827,0.079630,1.334339,-0.135470,0.673527,-1.966758,1
0.699383,-0.210745,1.230549,-0.566137,-1.049367,0.231334,-0.380521,-0.616948,0.653099,1
2.428060,-0.079500,2.095124,1.524678,0.232118,0.956509,-1.113466,-0.279270,-1.404625,1
0.293944,0.160564,0.735070,-1.174165,-0.275295,0.222593,-0.406885,-0.171688,-0.834143,1
-0.887560,0.616106,1.361879,-1.234233,-0.445232,-1.340772,-0.274972,0.773614,0.345848,1
-0.340968,-0.595362,1.180493,1.372577,0.607573,0.359331,1.166656,1.351903,0.150220,1
-0.352793,-0.567408,-0.529799,1.394060,0.731658,-0.745569,-0.259930,-0.366070,-1.523393,1
-2.353976,0.544435,-0.568177,0.477283,-0.820057,0.560780,-0.167522,0.024689,-2.574578,1
-0.333926,-0.479157,-0.679220,0.446752,0.832223,-1.525281,-0.805929,-1.383779,-1.860042,1
1.488941,-0.616975,0.717751,0.326291,0.093186,-0.901984,-2.722736,-0.851327,-1.612231,1
0.665060,-0.751504,-0.404082,0.033640,-1.127562,-0.429948,0.034294,-0.356672,-1.283118,1
0.977588,-0.767192,-0.715095,0.566257,0.817237,1.228051,1.004500,-1.196892,-1.184022,1
1.299535,1.590729,0.042723,-0.931726,-1.439461,0.111330,-0.392144,1.713709,-1.512476,1
0.694012,-0.038035,0.025919,0.646783,-0.115709,-0.008965,0.066683,0.940056,1.058060,1
1.307717,-0.220043,-0.379109,-0.622846,1.163441,-0.304340,-0.828899,0.171630,-2.286660,1
1.301459,-0.479884,-0.223416,-0.858118,-0.620114,0.325836,1.786962,-0.653049,-0.324438,1
0.762447,1.356483,1.053147,-1.745205,0.913495,1.791622,-0.687707,0.068006,-0.924632,1
-0.040077,-2.486035,0.132772,0.583142,-0.106990,-0.903650,0.944899,-0.024521,-2.337733,1
-0.035833,-0.571301,-0.898242,0.190965,-0.400847,0.227176,-1.067092,0.021551,-1.430196,1
-0.414701,-0.178560,-0.914788,0.308579,0.198971,0.524897,-0.233754,-1.791190,-0.853416,1
-0.066271,-1.084701,0.395888,-0.519546,0.234654,-0.949765,-0.803221,2.013656,-1.179992,1
1.010249,1.147363,0.504526,-0.665209,-1.581926,0.752791,1.561025,2.064369,0.951410,1
0.671403,0.394469,0.903037,-1.196008,1.207950,0.604174,1.348200,-1.332684,-1.271885,1
-0.790825,-0.244944,-0.164095,0.126649,-0.624204,0.497892,0.975275,1.395662,-2.534712,1
-0.956258,-0.007784,0.181204,-0.210932,-0.069463,-1.378786,-0.253087,-0.708411,-1.476151,1
1.582152,0.124647,-0.369902,-0.208171,0.408428,1.364157,1.254832,1.031329,-0.786355,1
2.165256,0.586938,-2.230835,0.113611,-0.615527,-1.543722,-1.527868,-0.030742,-0.308731,1
0.722294,-1.313198,0.621806,0.252112,2.102722,-1.743981,-0.884776,-1.271376,-1.047641,1
-1.490083,-1.215483,-1.090766,-0.227335,0.907910,0.431908,0.014439,-0.915243,-1.336232,1
0.242823,0.070063,-1.067676,2.096171,-0.535572,-0.766947,0.847489,1.838819,-0.812927,1
-1.330827,0.339066,-0.273982,0.411100,-0.082139,-0.993312,-0.236145,0.370412,-1.295130,1
-0.450908,-0.453976,-0.125898,-0.019876,-1.506110,1.401392,-2.283443,-1.149806,-2.708677,1
-1.583112,-0.326244,0.520078,-0.486322,-2.009409,0.176191,-0.953687,1.914842,-1.580838,1
-1.545691,-0.716270,1.113280,0.153814,-1.221556,-0.678905,0.410266,0.423409,-2.132085,1
-1.185225,-2.496543,-0.205859,-0.037381,0.068903,1.044747,0.706912,-0.277096,-0.714116,1
-1.636898,0.276096,1.106635,1.907201,1.089475,0.275842,-1.066183,-1.108549,-2.669490,1
0.033056,0.005001,-1.000155,1.268650,1.153644,0.341679,-0.033079,-0.791674,-1.426699,1
0.032777,0.374289,-0.429144,-1.085091,-1.609179,1.038905,-0.338358,-0.653094,-0.354308,1
1.177142,-0.544147,-0.039284,0.688013,0.582476,-1.169272,0.775715,-1.193195,-2.042446,1
1.868482,-0.024195,0.273483,0.632511,-0.711764,-1.399548,0.832991,0.534872,-2.770221,1
-1.965538,0.799759,-0.609025,0.677952,0.546779,-0.020390,-0.853242,0.197128,-2.389409,1
0.075418,0.024693,-0.503719,-0.633431,-0.817400,0.046437,0.650280,-1.957946,-2.712833,1
0.691445,-0.696302,-0.099916,-0.823638,0.902487,-0.269718,-1.082862,-0.356228,-1.905629,1
0.846976,-0.743000,-0.185399,-0.357502,0.720504,-1.163577,1.031865,1.364471,-2.412804,1
-1.573756,-0.713954,-1.592853,-0.119546,0.694809,1.049941,-0.249737,-1.476581,0.556604,1
-0.939418,-0.533090,2.232254,-0.012036,0.629883,-0.613687,-0.008724,0.231527,-1.124147,1
0.991897,1.049777,0.386950,-0.592285,0.232071,-0.580576,0.504418,-0.925434,-3.244232,1
0.081641,-0.262850,1.284058,-0.126290,0.256984,1.697354,-2.644779,1.635720,-1.240426,1
0.758546,1.427395,-0.174386,-0.554537,-0.550929,0.183075,0.937080,0.330719,-0.696231,1
1.070149,1.927078,-0.006509,0.805145,-0.788369,1.397874,0.101150,0.340421,-2.238041,1
1.004982,0.576360,-1.206473,0.562021,0.246857,-1.296015,0.935362,-0.771508,-2.145954,1
-0.145143,-1.516858,-0.006195,-0.689436,0.294338,-0.414733,1.141220,-0.214570,-0.416244,1
1.236061,0.306394,1.343621,0.719434,-0.619564,-1.317978,1.415052,1.679642,-1.190729,1
-1.408123,-0.176548,-0.283691,1.029243,0.876246,1.163212,-0.171010,-0.048911,-2.535343,1
1.284486,1.273038,-0.517377,0.484600,0.421706,-2.403766,-0.174705,1.168373,-1.631568,1
0.079273,-0.735860,0.559820,0.530967,-2.486133,1.035865,1.158474,2.126449,-1.984137,1
0.698897,-1.443484,2.388185,1.174288,-0.201353,0.401683,-0.755884,0.536004,-2.075471,1
-0.223562,0.326495,2.044418,-0.601411,-0.796983,0.911556,0.229531,-0.502589,-4.050360,1
-0.570382,-0.294570,1.006728,-0.408372,0.280215,0.935581,-0.951781,1.916627,-2.072659,1
0.507928,-0.198267,0.647882,0.848460,0.373513,0.351091,2.348151,-1.129809,-2.418436,1
2.092149,-0.836146,-1.389338,-0.353651,-1.518871,0.088671,0.928792,0.453660,-0.863667,1
0.182449,0.440442,-0.339027,0.746775,-0.352317,-1.893031,0.557031,0.331508,-0.757838,1
1.157813,0.109536,-0.109255,0.973963,-0.206691,-0.189781,0.124767,0.429023,-1.974358,1
-0.323431,-0.972356,-0.184969,-0.951744,0.498737,0.490881,-0.331949,-0.658138,-1.353211,1
1.198785,-0.952402,0.729913,-0.919968,-0.424076,1.361415,0.160151,0.315034,-0.318711,1
-0.143512,-0.372951,-0.534951,-0.643818,-0.790815,-0.451191,-0.932487,0.017738,-2.417517,1
-1.449456,-1.547820,0.487577,0.138326,0.863239,1.565378,0.233450,-0.442175,-2.843863,1
-0.110960,-0.934446,-0.142006,-0.181343,-1.112742,-1.813445,-0.361276,-0.291177,-1.941168,1
2.773096,0.750439,-0.205127,-0.054678,0.947722,0.125984,-0.124957,-0.825088,-2.205323,1
0.565610,-1.483383,-1.188192,-0.394638,-0.285494,0.125207,-1.527421,-0.075200,-2.614171,1
-0.690317,0.202294,1.465841,0.396407,0.482668,-0.531680,0.425376,0.094945,-0.672396,1
0.989663,0.750494,-1.004240,-0.062559,0.535073,-0.084388,0.615906,0.385511,-1.272567,1
-0.300231,0.010981,-1.394998,-0.836986,-0.661836,-1.646377,-1.190607,0.199248,-2.912803,1
0.485463,1.075868,-0.438901,0.486987,-0.247491,-1.008108,-0.480237,0.155344,-2.623938,1
1.136179,-0.009477,1.312300,-0.149152,-0.250983,-0.255064,0.816432,1.645643,-2.251552,1
0.770060,-0.042449,-0.146593,0.784515,-0.666440,-0.078061,-0.110998,-0.760286,-1.567567,1
0.135464,-0.802626,-0.274640,-1.356986,-1.641023,-1.289422,0.615710,-0.010377,-2.034954,1
1.162375,-0.211278,0.301632,-0.743017,-2.150004,1.113987,0.882077,-0.324964,-0.699237,1
1.501379,0.547322,-0.458321,-1.112672,0.379648,0.414603,-1.429137,-1.181575,-2.498728,1
0.075065,-1.902331,1.386713,-0.027794,0.453675,0.102953,-0.681544,-1.234838,-2.540103,1
0.917159,0.292652,-1.598855,0.842433,-2.100423,0.679117,-0.487632,-0.154222,-0.215804,1
1.656769,-0.580211,-1.776889,0.649223,-2.636922,0.726681,0.265252,1.017428,-2.251916,1
0.386108,2.511600,0.431499,-0.955373,1.487019,0.941840,0.326820,-0.257706,0.568638,1
-0.560641,0.634218,-0.781179,2.146119,1.115043,-0.534668,0.153712,0.336694,-2.278900,1
3.666583,0.774078,0.461670,-0.892749,-0.526196,-0.858077,-2.612677,-1.018381,-1.033638,1
0.055490,0.150114,-1.628837,0.046706,0.072750,0.840184,-0.123523,0.370104,-1.510980,1
-0.332212,0.085392,-0.294163,-0.798396,-0.108568,-1.480155,0.670734,0.863495,-0.446047,1
-0.560406,0.816783,-0.536307,-0.372910,0.695261,0.004759,1.285854,-1.789907,-2.625553,1
0.040995,-0.291146,-0.823361,-0.235756,0.004359,-0.462472,0.395469,1.035965,-2.516020,1
1.202179,0.982719,-0.173389,0.559480,-0.416502,-2.385388,-0.117808,-0.456979,-3.811179,1
-2.511040,-0.015504,-0.224623,-0.821286,0.298573,-0.266662,0.865995,0.116890,-0.353504,1
1.654078,0.751253,0.459875,-0.140821,0.647855,-1.134440,-1.173467,-1.202737,0.061634,1
1.667102,-0.005958,0.805912,1.445843,-0.213482,0.788704,0.130270,0.915081,-2.468680,1
1.120190,0.311382,0.516874,0.824814,1.477391,-0.294528,0.769813,-0.352381,-1.991891,1
-0.145860,1.094593,-1.299582,0.382415,-1.003208,1.100243,1.191985,-1.339930,-0.777130,1
-0.139292,0.948086,0.031420,-0.539039,0.316111,0.295467,0.469907,0.161855,-0.995758,1
0.243488,0.537838,0.747009,0.099536,-0.305083,-0.464773,1.269019,-0.372734,-1.478845,1
0.971433,1.858631,0.147952,0.604344,-1.332907,0.461165,-0.697230,0.450009,-1.091965,1
-0.668488,0.556346,0.159511,-0.335726,-0.239462,-0.132546,1.289464,1.382653,-3.516529,1
-0.204238,-0.128561,0.480429,1.657766,1.760949,2.003470,0.736052,0.085201,-2.233041,1
-1.051548,1.515804,1.715491,-0.995449,0.188418,0.073282,0.115637,-1.511336,-2.599584,1
1.233849,-0.352484,-0.490506,-0.437134,-0.223621,1.273808,-0.565257,0.625580,-0.975680,1
0.726737,-0.597161,-0.926574,-0.106145,-0.569720,0.268913,-1.031780,-0.160277,-3.747184,1
1.454009,0.248326,0.302232,-1.013002,1.207409,1.967341,0.129862,0.218421,-0.841070,1
-0.014980,0.317327,0.101007,1.582652,-0.832457,-0.551159,0.339222,0.071020,-1.359392,1
0.744738,0.560061,0.313981,2.030997,-0.241268,-0.686618,0.412970,-0.523979,-0.841719,1
-0.138938,-0.720829,-0.923218,0.798887,0.397728,-0.327247,-0.410471,-0.347932,-2.735549,1
0.182965,0.139132,0.820025,0.394884,1.647667,-0.029684,-0.870565,-1.511557,-0.797852,1
0.840483,-0.489110,-0.406198,-1.148662,-0.660327,-0.604001,0.602802,-0.136694,-1.254458,1
-0.139938,-0.303115,0.121516,1.240917,-0.660201,0.297242,-0.025628,-0.402197,-1.439064,1
0.639570,-1.623257,0.395840,0.011696,1.374060,-0.376121,1.723041,0.889175,-1.639698,1
0.432842,-1.204921,-0.768882,-0.899043,-1.383845,0.723941,1.549293,0.705944,-0.494639,1
0.814628,-0.013415,-0.100993,0.087827,-1.147969,0.290881,-0.153148,-1.210181,-0.608455,1
-0.334110,-1.760047,0.813790,1.124646,0.407836,0.864302,0.954146,1.054749,-2.391268,1
2.318738,-1.511017,0.064459,0.932484,-0.439517,0.312624,-0.857176,0.213934,-1.021844,1
0.167817,0.459522,-0.243809,-0.471070,1.268865,0.139989,-1.492683,-1.048388,-0.604155,1
-1.048861,-0.017982,0.022410,1.856557,-1.661170,0.362766,0.553655,-1.371066,-3.057642,1
0.654297,-0.320012,-1.715358,0.460082,0.476369,2.185936,1.571591,-0.367369,-0.852244,1
0.128291,-0.437224,-0.079366,-0.575135,-0.246552,0.969726,0.403803,-0.943416,-1.087216,1
0.045190,0.960337,0.874170,-1.009741,1.086441,1.718188,-0.061516,-0.406372,-1.479093,1
0.033658,0.239149,0.747865,-0.102904,0.626555,1.214742,-1.828156,0.374342,-2.248965,1
0.607505,-0.762702,-0.330201,-0.201609,0.247283,-1.574690,-0.628433,-1.066705,-1.553395,1
1.813860,1.667570,1.014828,-0.518996,-0.346687,0.284748,0.455430,1.056790,-0.460366,1
-1.401354,-0.530477,-0.322085,-0.286086,0.355539,-0.103195,0.647603,0.781510,-0.022973,1
0.968785,1.307104,0.720872,-0.268157,-0.045721,-0.932140,-0.641927,-0.677959,-2.808458,1
-1.494663,1.789122,1.805286,0.987006,0.228877,0.673627,0.346467,0.204614,0.480592,1
0.971631,-1.191374,-0.343740,0.421083,-0.981416,-0.568212,0.030615,-1.405997,-1.536535,1
-0.252367,0.930942,-0.846456,-0.982257,1.079719,1.149263,-1.533675,0.961093,-1.653137,1
-0.396019,1.289086,0.701702,0.608742,1.606613,1.039833,0.720387,-0.551375,-0.743227,1
0.092367,2.145145,-0.178256,0.244314,0.076660,-2.594666,1.502419,-1.175881,-0.354532,1
1.892641,1.178949,0.083652,-0.849817,0.134426,0.835044,-0.547074,-0.309812,-1.513577,1
-1.787310,-0.586006,-0.235258,1.230088,-2.093323,0.101494,0.230058,2.653396,-0.414867,1
-0.025588,0.732257,2.010201,1.343875,0.008005,0.198761,1.038254,0.353250,-2.640969,1
-0.204889,0.534682,-0.549101,0.237294,1.045268,-1.067314,-0.686987,0.817914,0.199574,1
-0.414488,-0.758136,-0.297455,1.354895,0.615680,0.661025,-0.743208,-1.287212,-2.800701,1
-0.717801,-0.613653,-0.074688,-0.242308,0.890521,-0.662511,2.111320,0.431070,-1.301742,1
-0.591039,-1.095320,-1.070054,-0.806767,-0.554636,-0.681465,1.591725,0.259088,-2.031467,1
-1.449864,0.362892,0.817422,-0.910766,-0.953845,-0.335343,1.830540,-0.410333,-0.522578,1
-1.763622,0.471336,1.362243,-0.062509,0.235253,-0.458084,0.449529,-0.473483,-1.075195,1
1.250983,0.868232,0.904660,-1.135444,1.303285,0.307690,-3.136526,0.198293,-3.498616,1
-1.151609,0.727286,-0.288372,0.563239,-0.014611,1.554853,-0.969007,1.044517,-1.772560,1
1.374781,-0.826853,-0.892547,-0.911550,-1.119496,0.364024,1.256421,-0.211981,-1.278368,1
-0.764049,-1.254883,-1.241253,-0.022926,0.646868,0.755106,0.227416,-0.656347,-2.280831,1
-1.739883,-0.271499,-0.134849,-0.609745,2.783390,-0.719931,-0.148286,0.372201,-1.389810,1
-0.462632,1.393665,-0.671428,0.105553,0.731425,0.222224,0.752087,1.067464,-2.123402,1
-0.865031,1.231097,-1.208394,-0.996711,-1.211316,0.302380,-2.770239,0.919362,-1.361834,1
-0.272497,1.354290,-0.365877,0.170328,-0.355518,-0.215166,-0.041627,1.181603,-0.712729,1
0.330857,-1.251074,0.246047,1.035397,-0.537287,-1.771826,-0.715920,0.076033,-0.856665,1
-0.160685,-2.077968,-0.160565,-0.453439,1.377698,0.379052,-1.722364,-0.026469,-0.465936,1
-0.952456,0.588012,0.103077,-0.809053,-1.043796,-0.089280,0.857791,0.147995,-1.693108,1
-0.235096,-0.502661,-0.279943,0.469744,3.159823,1.046128,-1.196626,-2.348293,-0.668676,1
1.784547,0.790399,-0.451343,-1.378456,1.305574,-0.797773,1.163249,1.840753,-0.018263,1
-1.428508,0.261359,-0.324014,0.120206,1.046671,0.261415,1.127047,-0.146684,0.256566,1
-0.377149,1.545562,-0.039924,0.814066,0.208752,0.641501,-0.012882,-0.450141,-0.938480,1
0.966320,-0.721120,-0.216082,-0.774281,-0.327221,-1.312424,0.040138,-0.132646,-2.093181,1
0.055920,-0.058809,-0.393218,-0.854808,1.113631,-0.606143,-0.506812,0.033306,-0.381920,1
-1.280602,0.960300,-0.307970,2.045866,-0.663097,-0.506445,-0.565578,1.088820,-3.462325,1
-1.749367,-0.010551,0.774141,0.942930,0.206672,-0.735497,-1.298609,1.402937,-2.450630,1
-0.897253,0.277387,-1.200383,-0.656817,-0.883050,1.068379,-0.627736,0.521261,-1.194233,1
2.886813,0.722390,-0.355823,1.764268,0.800849,-0.356031,1.367642,-0.046773,-0.609814,1
0.636311,-0.482433,-0.042809,0.524486,0.516339,-1.070862,1.240311,-1.172773,-2.550487,1
-0.712686,-0.906513,0.264795,-1.368319,-0.678729,-1.103438,0.815638,2.091758,-2.340510,1
0.521870,0.236950,1.524295,1.636514,-0.204069,0.184205,1.385060,1.202193,-3.036163,1
-0.393502,0.214096,-2.028664,-1.015694,-0.843108,-0.013901,0.245304,-0.180438,-1.495114,1
-0.725639,0.334280,-1.211110,2.178942,-1.096007,-0.037920,1.526513,1.268216,-2.349002,1
-0.164804,-1.040546,-0.276878,0.791376,0.140316,1.231587,1.065524,1.121799,-1.372062,1
-0.968322,0.430468,1.822429,0.719686,1.870556,-0.499576,1.075927,-1.560185,-2.247036,1
1.658174,-0.815982,-0.722254,0.039714,0.134330,0.125719,1.064289,-0.672267,-1.135751,1
1.183997,-0.914679,-0.078054,-0.144374,-0.608463,1.292168,0.143834,-1.559590,-0.235906,1
-1.181993,1.590364,0.699876,0.785712,0.628449,0.535751,0.029928,0.153116,-3.724686,1
0.816776,0.730728,0.484301,0.429036,1.067426,1.896836,0.443845,-0.265822,-1.183302,1
-0.689374,0.116182,1.172392,0.450641,-0.633293,-1.015456,-0.333636,-0.792904,-2.143357,1
-0.501758,-0.041851,-0.737437,0.073591,0.377066,1.431303,-0.341103,0.653084,0.161241,1
-1.261900,-1.092810,0.217596,-0.320393,0.293175,0.017650,0.426886,-0.637726,0.043857,1
-0.758387,-0.665845,-0.891974,-1.364157,-0.194539,-0.303133,-0.038303,0.114653,-2.011252,1
0.104773,0.556879,-0.780339,1.030032,0.545365,-0.018628,0.490383,1.264817,-0.499149,1
-0.191317,0.783957,1.105852,-0.183532,0.081064,0.176450,0.431357,-3.044961,-1.171229,1
-0.881707,1.116776,-1.350107,-0.690321,-1.235859,0.579596,-1.623740,0.579541,-1.061178,1
-1.850749,0.907606,-0.692583,-0.257408,1.338031,-0.416741,-1.635499,0.173646,-1.459921,1
0.728325,0.266952,-0.301267,0.965951,-2.257784,1.456145,-1.757230,0.593736,-0.862420,1
1.106607,0.310998,-0.725418,1.541016,-0.408258,-0.547453,-0.618114,0.122330,-1.291392,1
1.588798,0.417098,0.580804,-1.061074,1.019374,0.266681,-0.998694,-0.900547,-2.588222,1
0.292802,1.439913,0.069029,0.274461,0.889063,-0.593552,-0.120971,-0.771535,0.041830,1
-1.224069,-0.250517,-0.357737,0.381093,-0.254081,-0.852199,1.688762,-1.610926,-2.742596,1
-0.232175,0.421251,0.732326,0.489424,-0.243291,-0.231837,0.155545,-1.943509,-1.710118,1
0.173407,0.726865,-1.323351,-1.326215,0.242646,0.951710,0.067952,1.280130,-1.207699,1
1.480671,-0.318285,-1.365177,0.616262,1.095660,-0.229290,-0.805612,-0.177738,-1.217099,1
-0.281366,-0.320399,0.851986,0.131217,0.375786,-0.003143,-1.189506,-0.941404,-2.285480,1
-0.571950,0.082085,-1.665463,2.026836,0.236472,1.254171,-1.037464,0.046391,-2.575031,1
-0.720610,-0.301124,-1.398072,-0.514982,-0.443584,0.021799,-0.629900,-0.236837,-1.850112,1
0.822424,0.555370,-0.220806,0.517461,0.117696,2.162833,-0.310263,-0.507221,-1.571848,1
0.856077,-0.422769,0.433765,-0.117644,-0.018449,-0.096441,-0.337929,-1.174021,-1.344165,1
-0.479116,-0.040484,0.295496,0.975052,-0.417058,0.733667,-0.226987,-0.004164,-2.227320,1
0.759068,-1.038559,-1.551388,-0.579363,-1.868526,1.660738,0.440081,0.618924,-0.807076,1
2.006452,-0.811831,-1.286592,1.244089,-0.048628,-0.392648,1.001448,1.306187,-3.231206,1
2.293149,0.165730,-0.764493,-1.254900,0.639714,-0.432364,-2.022705,0.540211,-2.118236,1
-0.698791,2.143181,0.015001,0.097535,-1.006824,-2.981277,-0.004308,-0.915337,-1.837244,1
-0.832145,-1.540648,0.204513,-0.754983,0.298695,-1.056845,0.693429,-0.180765,-1.623753,1
0.628411,-0.918131,-0.634537,-0.049347,0.924130,-0.881799,-0.344929,0.401404,-2.438186,1
-0.232232,0.115794,-2.108722,1.878150,1.488386,-0.898214,1.422753,-0.855157,-2.586678,1
0.650929,-0.974000,2.501285,2.595853,-0.508641,1.383896,-0.134662,-1.047011,-1.760811,1
1.212039,1.223177,-0.726777,0.306179,-1.044541,0.298564,1.752537,0.338398,-3.213957,1
-0.789241,0.401855,-1.140924,1.440901,-0.799851,-0.648871,-0.726444,1.325926,-1.397962,1
0.656759,0.094107,-1.082928,-0.193642,-1.003423,-0.069036,0.417891,1.030021,-3.010514,1
-0.027187,-1.065093,-1.254393,0.939429,-0.100998,0.216980,-0.557243,-1.029957,-1.296936,1
0.610853,-1.316895,0.683959,-0.481706,-0.484016,1.187320,1.848810,0.338463,-1.191066,1
0.804670,-0.418369,-0.261083,-1.641637,1.522297,-0.379738,0.410634,-0.158975,-2.184807,1
0.021984,-0.672602,0.169775,-0.718677,1.667505,0.356994,0.689984,-1.388479,-0.615870,1
-0.177921,-1.868955,-1.494298,-1.200800,-1.438886,-0.099672,0.809122,-0.236219,-1.614291,1
-1.484905,0.803391,-0.339520,-1.394350,0.711618,0.830535,0.364060,2.396137,-0.422016,1
-0.059493,-0.116926,0.446107,0.137415,-0.521020,-1.182930,-0.067471,-0.438366,-1.372485,1
-1.263967,1.238723,-1.118450,-0.740545,1.143532,0.932479,-2.562906,-0.438331,-0.704652,1
0.768350,-0.346202,-1.682705,0.490225,1.077604,0.092441,-0.738668,-0.804823,-2.271675,1
-0.073358,-1.317716,-0.768986,-1.013328,-0.512729,-0.818654,-0.429434,-0.308400,-1.112005,1
0.144981,1.395517,-1.187310,1.313815,-1.763439,0.197614,0.165549,0.178101,-1.290571,1
1.692429,-0.574283,-1.369234,-0.492112,-2.698251,1.725003,-1.434201,0.307632,-1.715646,1
-2.052314,-0.695721,0.019267,-0.846563,-0.747631,-0.561224,0.599923,0.608872,-1.324240,1
0.319156,1.371581,-0.567857,0.365142,-0.323141,-1.524945,-0.407455,-0.365745,-2.899829,1
-0.304335,-1.520643,-0.571881,0.822095,0.167047,0.703569,0.021802,1.697561,-2.464786,1
-1.145696,0.100266,0.060461,-0.116649,0.774982,0.002771,0.090914,0.895763,-2.012100,1
-2.315857,-0.850506,1.454099,0.829110,-0.767240,-0.235399,-0.247897,-0.994940,-1.593471,1
-0.794453,-0.345579,-0.528000,-1.173343,0.867491,-0.532446,1.989293,-0.147981,-2.958388,1
1.026476,-0.427464,-0.085187,-0.405257,1.673552,1.849427,-1.692077,-0.037389,-2.988097,1
-0.889773,0.322424,-1.003337,0.646627,1.108215,0.003580,0.587803,1.661757,-2.988898,1
-0.966722,1.318365,-0.489630,-0.383759,1.253081,2.124156,1.532823,-0.508134,-1.103677,1
-0.287914,0.608235,-0.363331,-0.016769,-0.702404,-0.523760,0.156845,-0.320248,-0.339307,1
0.820734,0.108502,-0.442136,-0.565308,-0.539043,0.495723,0.967803,-0.063311,-1.648276,1
0.752121,2.311371,-1.579871,-0.085337,0.504067,0.352911,-0.208021,0.633298,-0.861641,1
0.106161,0.324442,-0.213018,0.788149,1.757255,-1.735133,-0.848675,0.146872,-0.742997,1
-0.966732,0.063417,0.735861,-0.716146,-0.714105,-0.101850,0.406932,0.516318,0.597309,1
-0.447234,0.546409,-1.953974,-1.535418,0.506786,0.018806,0.622515,0.433331,-2.756635,1
0.616872,0.531836,1.723251,0.596368,-0.789471,0.102354,0.018108,0.191157,-0.169898,1
-0.957461,-0.436412,2.120900,-0.939757,-0.214537,0.340060,1.775713,0.558093,-1.316458,1
0.288423,-0.699284,-0.537422,1.646998,0.056148,-0.780915,0.393206,0.543764,-1.538881,1
-0.749378,-1.564027,0.111722,-0.698325,-1.478848,0.246810,2.631153,0.188699,-1.623805,1
0.046370,0.102891,-0.686514,0.936223,-0.929117,-1.066943,-0.333769,0.371947,0.300647,1
-1.927305,1.338231,-0.378758,-0.936555,0.734991,-0.229965,-2.161765,-0.490593,-0.233823,1
2.550915,1.747978,0.020448,-2.258846,-1.023623,-0.450854,-0.161857,1.020949,-1.857825,1
0.694984,-1.298587,0.577204,0.540233,-1.223907,-0.109369,2.149176,-0.188493,-0.739380,1
-1.163666,0.487067,0.307841,-0.855825,-1.343372,-1.717043,-0.378817,0.455918,0.290622,1
-0.052272,-0.094746,-0.121908,0.005726,-1.350976,1.189722,0.131213,0.811350,-2.275406,1
0.487924,0.263375,-1.604695,-0.535991,1.075246,0.436556,1.769959,-0.597529,-1.541769,1
-0.917291,0.470434,1.280397,-0.859708,-0.529761,-0.018966,-0.352589,-0.462178,-2.437808,1
0.545622,0.100063,0.079721,-0.099999,-1.157628,-2.018367,-0.361775,0.081023,-3.334527,1
1.594380,0.442894,0.551938,-0.641164,-0.653081,-1.211301,2.815502,0.080584,-1.734555,1
-0.045185,0.039411,0.218541,0.910689,0.034098,-0.531079,-0.303088,2.479482,-0.135215,1
0.348414,1.250812,-0.146307,-0.233131,-0.081503,0.426975,0.069721,-0.395094,-2.568531,1
-1.922776,-0.055958,-0.970038,-0.686572,0.171294,-0.816491,1.256657,-0.864773,-0.453997,1
0.669289,0.863258,0.409276,0.052137,-0.992201,-0.684473,-1.070003,2.118058,-0.893219,1
0.111308,0.040138,-0.614876,0.718576,2.807709,-0.520532,-1.454033,-0.606807,-1.651406,1
-0.885757,-0.127539,0.174964,-0.650557,-0.783684,1.092562,-0.021664,-0.409245,-0.806505,1
-0.637495,0.142529,-0.544525,0.956796,-1.959737,0.775741,-1.342920,1.104942,-0.169396,1
-0.241587,-1.313750,-0.628720,0.850393,0.515685,-0.793575,0.206266,-0.128452,-0.728799,1
-1.341089,-0.308311,-0.430769,-1.333978,-0.909273,0.118482,-0.991000,1.342809,-3.105734,1
-0.654120,0.672580,1.263859,-0.327436,1.086487,0.173291,0.080037,0.961472,-2.134436,1
1.053329,1.832657,-0.917717,-1.180958,1.724343,0.517732,0.538487,1.520897,-1.807453,1
-0.531078,0.244882,-0.263027,0.039386,-0.448019,1.346783,-0.238851,3.056571,-1.572078,1
0.350879,0.450257,0.471216,-0.059497,-1.465283,-0.180665,0.566628,-0.985001,-0.302864,1
-0.363932,0.424878,1.520849,0.080005,-0.916501,-1.215863,0.039360,-1.359467,0.615127,1
-1.427391,1.888700,0.054591,0.579640,0.183905,0.653897,-0.417177,-1.955780,-1.527025,1
-0.731252,0.094843,1.433256,-1.142231,0.186071,-0.023561,1.714840,-1.174953,-1.761463,1
-1.150658,-0.437118,-0.203249,0.234496,0.159256,0.256502,0.129769,1.074474,0.918578,1
-0.183688,1.637946,0.910521,-1.432216,-1.325986,0.599194,-2.053787,-0.527649,-1.331230,1
-2.457758,-1.752891,1.479616,-0.772124,-0.961526,0.998784,-1.201535,0.096360,-2.491664,1
-1.206179,0.488094,0.769715,-1.028975,0.156428,0.144774,-1.034164,-1.107057,-1.580900,1
-0.187189,-0.237776,0.702232,-0.333094,0.557420,0.050509,0.069153,1.600225,-3.352800,1
-0.433286,0.388778,1.314077,0.599472,-0.827355,-0.209284,0.621855,-0.179878,-2.860858,1
0.702475,1.429336,-0.923213,1.074288,-0.432440,-2.326980,-0.219938,-0.614585,-2.084452,1
-0.656242,1.063898,-0.383854,-0.455703,-0.654422,2.347830,-0.105993,-1.518644,-1.742967,1
-0.972751,-0.749329,0.294650,1.554440,0.209127,-0.615686,1.961273,0.117298,-1.175048,1
2.684777,1.040881,0.213132,-1.133749,0.762063,0.459627,-1.060139,-0.171236,-1.587720,1
0.457110,1.703387,0.614054,0.415942,1.350565,0.590770,0.144557,-1.686806,-3.711270,1
-2.264060,-0.701042,-0.975086,-0.526353,0.560566,-0.189316,0.648556,-0.181963,0.687083,1
-0.479173,-0.871604,-0.873596,-0.284069,1.399525,1.090934,-0.516276,0.731819,-1.767918,1
0.520608,1.710036,1.313015,-0.056052,-0.036232,0.628260,-1.955363,-0.410227,-2.301136,1
0.134946,0.073343,-0.049322,-0.652504,1.041769,-0.541441,0.524818,-0.415027,-0.801889,1
-1.278519,-0.334497,-0.298095,0.053680,-0.688995,0.251520,0.324419,0.926229,-2.166362,1
0.798168,-0.189696,0.469801,-0.078601,-0.370291,-1.517077,1.867465,1.747513,-0.934550,1
0.166401,1.579241,-0.803798,0.220304,-0.236871,0.560274,0.627477,0.290692,-1.669069,1
1.661653,1.483603,-0.671779,1.149460,-0.089054,0.079436,-0.535895,-0.278776,-1.056059,1
-0.409560,1.085410,-0.175925,2.479642,-0.351624,-0.574042,-1.166712,-0.333273,-2.206874,1
0.229391,-0.613962,0.979676,-0.514723,-0.650391,0.395055,-0.154598,0.611668,0.602939,1
-0.990187,-1.217587,0.538229,-1.411513,1.567098,0.292114,0.930861,0.171257,-0.069022,1
0.937040,-0.225171,0.373755,-2.019293,0.235739,-0.925364,-1.409078,-0.562816,-2.868320,1
1.242504,-1.118089,-1.008396,0.974413,0.780115,0.039115,-1.202559,0.148012,-1.468927,1
-1.165428,0.074234,-0.969932,-0.741594,-1.750768,-0.556472,1.285974,-0.401984,-2.163270,1
-1.226022,-0.235266,-0.141622,0.311127,0.173608,0.876468,-0.407863,0.272063,-0.633624,1
-0.305818,-2.435931,0.364442,0.266159,-0.602658,-1.007434,0.347181,-0.761371,-3.074690,1
-0.857286,-0.007428,-0.944579,-1.694666,-1.553038,-0.674593,0.837027,1.640930,-1.924706,1
-1.114266,0.526683,-0.881364,-0.267688,-0.138936,-0.517823,0.295401,0.552419,-3.354906,1
-0.662156,0.118973,0.094346,-0.605112,-0.298326,-0.164250,-0.009650,0.821163,-2.221036,1
-0.794546,0.504622,-0.179378,-0.515912,0.754241,-1.012692,-0.638252,-0.117103,-0.940406,1
0.752889,1.079457,-1.512933,0.571759,-0.614163,-0.547022,-1.025491,-1.386986,-1.427702,1
-1.033612,-0.233041,-0.516529,-0.947828,1.893035,0.152715,1.311908,1.258352,-4.082378,1
-0.059532,-0.884465,-0.811238,-0.821537,0.505129,-1.552960,-0.253247,0.193934,-0.020286,1
-0.109890,-0.711173,1.841185,-0.117943,-0.777227,-1.087071,-0.992431,-1.460421,-2.344714,1
0.954346,0.197402,0.403363,-0.058214,1.084297,2.320731,-0.694584,-1.096080,-2.774407,1
0.410226,0.638892,-0.151860,0.582485,0.128398,-0.363625,1.325421,0.614187,-0.941287,1
0.266053,-1.289870,0.641395,-1.170175,1.816644,-1.904004,0.419861,-1.257761,-1.250375,1
0.448063,-0.736357,0.071950,-0.697187,-0.568538,1.334529,-0.104787,1.670428,-0.410185,1
-0.932832,0.145066,0.029588,0.504136,-2.319372,1.866794,1.584528,-0.160546,-2.721486,1
-0.828755,-0.114216,0.031775,-1.444874,-0.262891,-0.044538,0.224215,1.176244,-1.321607,1
-0.721422,-2.181436,-0.758558,-0.655132,0.432879,0.018791,0.028104,-1.693638,-0.880086,1
1.014662,2.085266,-0.137782,0.679927,-0.092813,-0.755920,-0.521042,1.178052,-4.603947,1
1.064654,-0.375627,0.089680,-0.792624,-0.100810,-0.984961,-1.207365,-0.377579,-1.516565,1
0.309701,0.225088,0.877103,-0.656381,0.253050,-1.643333,-1.901212,-1.072947,-3.045169,1
-0.011163,0.547896,-1.236123,1.487455,0.773251,0.019185,-0.561573,0.641919,-1.955743,1
0.814915,-0.210773,-0.610042,-0.388400,0.290817,0.755138,1.009322,0.359616,-0.920905,1
0.911522,-1.165770,1.025835,1.115675,0.118985,-1.311720,-0.720765,-0.352698,-0.340401,1
-0.586616,-0.987626,-1.573085,0.825901,-0.030375,-0.891307,-0.247746,0.968498,-1.541509,1
-0.751204,-0.837647,1.287678,-0.055290,-0.634643,-0.463448,-0.440519,-0.235999,-2.095394,1
-0.402566,-0.590476,1.555675,1.167988,0.377498,0.566290,-1.222906,0.820444,-1.125687,1
0.103526,0.485078,0.442561,-1.504773,-0.529088,0.778987,-1.984104,0.068658,-2.507019,1
-1.942972,1.703650,0.775178,-0.720245,-1.691433,-0.428085,-0.827420,1.170423,-0.689043,1
0.223072,1.487250,-0.536982,0.823563,-2.844542,0.066960,0.674150,0.130418,-1.734850,1
-1.567681,-0.091338,-0.106520,0.056932,-1.491748,-0.195813,0.370863,-1.198061,-1.225086,1
0.156024,0.282411,-1.260158,-1.789324,0.307524,0.387945,0.904531,0.775862,-1.191816,1
-0.604537,0.454200,-0.125497,0.270686,-0.135970,1.114524,0.171700,-0.766648,0.020071,1
-0.864223,-0.624883,0.335941,-0.213094,-0.125649,1.350445,0.717621,1.071376,-1.673092,1
-0.074131,0.616687,0.609943,1.642992,1.230996,-0.211936,-1.746496,-0.055489,-0.802954,1
0.307130,0.740637,-0.780664,-0.968550,0.656870,0.199989,-0.497397,0.602411,-2.111077,1
-1.097001,-0.203590,1.952913,-0.554456,1.046216,-0.207835,-0.608252,0.670632,-2.273788,1
2.144759,-0.221707,0.526565,0.547123,-0.532630,1.068224,-0.403151,0.249026,-1.783021,1
-0.723067,-2.104347,0.084773,0.293552,-1.025872,-1.457374,0.926395,-2.027001,-0.508995,1
0.502639,0.662909,0.608255,-0.408307,0.564025,-0.210226,-0.353644,-1.086339,0.266244,1
0.948907,-1.290797,1.397266,0.076936,0.887651,0.572340,1.012606,1.146918,-3.931196,1
0.909381,-1.226209,-0.530034,1.423084,0.532972,0.045929,0.498507,-0.752079,-1.507940,1
0.128636,-0.560147,0.839421,-1.545099,1.345529,-0.404091,0.818054,-1.718481,-2.774333,1
2.170863,2.234073,1.363887,2.076009,-0.579482,-0.203610,1.010897,1.657271,-2.802261,1
-0.156748,-0.928155,0.856150,0.237353,0.461912,-0.682603,-0.646075,0.122140,-2.900206,1
-1.224091,-0.025232,-0.411562,-0.075531,-0.939373,0.092938,-0.020224,-0.389572,-1.132344,1
-0.937162,-1.566738,0.912917,-0.009185,-0.040919,-0.984930,-0.759799,0.260080,-0.016214,1
-1.230435,-2.074133,-1.342362,-3.003017,-0.064093,-1.002835,0.651003,-0.435349,-0.833244,1
-0.633161,1.121246,-1.002840,-1.717146,-0.655914,-1.180194,1.134144,-0.074569,-0.399802,1
-1.691131,-0.377594,-0.053145,0.831952,0.199594,-0.108967,-0.181767,0.102906,-1.021025,1
0.578484,2.067298,-1.477155,-2.033220,0.864911,0.359443,-0.289124,1.726099,-1.383499,1
0.229950,-1.012600,-1.464857,-1.026486,1.560588,-2.017275,-0.745334,-0.324619,-1.756571,1
-0.026265,-0.406836,0.245688,0.518236,-0.002596,-0.519314,-0.963600,0.941316,-2.378674,1
2.241511,-0.576787,0.268009,-2.097001,-0.581887,-0.015099,0.928742,-0.050633,-0.794845,1
-0.118576,-1.622460,1.351126,0.959296,1.003467,-0.393830,0.466863,-0.565054,-0.975482,1
-1.057495,0.958683,0.386318,-0.011030,-0.337601,1.134019,0.048183,1.392336,-0.630351,1
-1.254121,-0.503004,-0.001764,0.362087,-0.067969,-0.424129,0.213196,1.070375,-0.185564,1
-0.207129,-0.323674,0.807893,-0.610983,0.202345,0.533345,-0.164884,-0.149225,-1.052282,1
1.505063,-0.666042,0.731222,0.693418,-1.275550,-0.702937,0.573503,0.291450,-1.590281,1
0.432711,0.135895,0.240883,0.110091,0.676866,0.635269,0.800738,0.525336,-1.227006,1
0.472889,0.710773,0.445945,-0.750151,0.185489,0.393546,-0.213554,0.378594,-2.615495,1
-0.868583,-0.545654,0.069761,-1.375506,-1.134050,0.412627,0.348175,-2.092821,-1.405888,1
-2.694190,1.502158,-1.467495,-0.030650,-0.183335,1.723007,0.265486,1.788220,-1.913667,1
0.384243,0.482445,0.908649,-0.612098,-0.533940,1.688624,-1.520365,1.059267,-1.442219,1
-0.358352,1.234576,-0.529830,0.959642,0.205617,-0.882715,0.917980,-0.604402,-2.646255,1
-0.341794,-0.927957,-0.682446,0.320325,-0.042648,-0.735928,-2.446372,-0.961580,-1.718608,1
0.570064,0.588375,1.403645,-2.344403,2.661723,0.493747,-1.018366,1.905956,-1.019330,1
-1.073789,0.214677,-0.151631,0.118577,1.140618,-1.850328,-1.000279,-0.662496,-0.416436,1
0.492122,-0.301270,0.758036,-0.545284,0.459845,-1.257762,0.247569,-0.106452,-2.439804,1
-0.260146,-1.254535,1.518678,-0.428746,-1.065420,-0.220104,-0.962025,0.901991,-2.096585,1
-1.109836,-0.683245,-0.288330,-0.073596,-0.545182,1.554099,0.223074,-0.651757,-1.304004,1
1.925769,0.849798,1.581822,-0.260983,0.209327,-0.344112,-1.616822,0.691308,-2.295850,1
0.634874,-0.368674,0.385891,-1.724382,1.034332,2.008240,0.620294,1.630644,2.069883,0
-0.944252,1.232342,0.920160,4.310149,1.014072,1.213986,0.692872,2.616227,1.395990,0
0.066518,1.487388,0.367080,0.244715,1.936337,1.523956,2.713781,-1.072196,1.823112,0
1.871311,1.047754,0.109309,0.466052,2.622746,1.469413,-1.237894,0.689431,0.255050,0
1.397134,-0.016909,1.883534,0.908007,0.737531,0.542042,-0.759858,-0.044382,-0.106363,0
0.548863,-0.108989,1.814891,-0.205534,2.059329,0.369372,-0.328927,-1.051115,1.388723,0
-0.678259,2.166804,1.804501,0.743691,0.708430,1.178923,1.928836,0.530023,1.529101,0
1.544826,1.238190,-0.306485,-0.105342,1.628622,0.691025,-1.304793,-0.758930,0.818426,0
2.006106,-0.291551,1.671923,0.525554,0.165479,0.855855,1.158470,-0.402550,2.073922,0
1.433113,0.866082,1.737511,2.817479,0.943141,1.052449,1.677774,0.271695,1.631933,0
1.809458,0.209929,-0.054077,1.805471,1.326944,0.897688,2.136565,0.801968,1.715795,0
-0.048436,-0.208720,2.690341,0.425191,1.280032,0.059512,0.917562,2.748580,1.203078,0
-0.454088,0.771851,2.958055,0.681329,0.028793,0.361475,0.647496,2.462144,0.657467,0
0.821577,2.065055,1.661900,1.666206,1.701253,1.439958,0.965989,-0.000654,2.197680,0
1.909590,1.773483,1.862042,1.161702,0.529988,0.842952,-1.731174,2.226697,1.787352,0
0.250572,-0.258269,1.968399,2.086347,0.774869,-0.288495,0.250865,2.152679,0.258703,0
1.172339,1.959352,2.130337,-0.009403,1.462240,0.516590,0.009159,1.468666,-0.197839,0
0.913353,3.185990,2.521813,3.014197,-0.347969,1.089027,2.178991,1.803643,1.621912,0
-0.412831,0.233630,1.366263,2.727058,2.055155,2.137386,2.126730,1.479280,1.375569,0
-0.195848,1.497404,1.012543,0.073306,0.381411,-0.143752,0.934737,1.319548,0.739189,0
1.901874,2.128544,1.073701,0.593272,0.722681,2.137926,0.308666,1.216535,3.005250,0
-0.721057,3.040126,1.369733,1.136758,2.032677,0.915140,0.178446,-0.527007,0.151295,0
0.099737,1.485493,0.135810,2.141104,0.068030,-0.509897,2.102279,1.456591,1.125986,0
1.225045,0.986264,0.753745,1.221441,-0.230710,1.122414,1.749591,1.139563,0.231077,0
1.324251,2.152380,-0.781488,1.158920,-1.291891,0.469451,0.232060,1.485875,2.067914,0
-0.020487,1.170989,0.186196,1.142209,1.025870,-0.551433,1.281889,0.315407,2.087123,0
0.114371,1.606140,1.139515,0.563981,2.086644,-0.631685,2.377927,0.514037,0.858633,0
1.208586,1.423970,1.510232,2.232179,0.751522,1.639871,1.699751,0.235570,1.191961,0
1.444536,1.586906,0.903919,-0.866762,1.982978,-0.147562,0.734191,0.907052,2.771933,0
3.458935,0.501761,-0.163974,1.114022,0.957410,2.738052,0.695318,1.511077,2.511188,0
0.755027,-0.308667,1.367508,1.865753,2.672541,2.119834,2.067254,1.036215,0.492569,0
2.045101,2.555408,1.000101,1.116235,-0.068665,0.653537,-0.505702,1.098164,1.158737,0
1.060655,2.533189,-0.366801,2.230167,0.183140,2.522306,0.055865,-0.452073,2.012327,0
2.187324,-0.818277,0.559608,0.001027,2.733694,1.061519,0.411038,0.936828,1.497849,0
-1.732913,1.553756,-1.151789,0.727058,-0.674169,-0.018284,0.643375,2.923254,1.815091,0
0.335128,0.503946,1.540247,-1.056195,0.911387,-0.578862,0.387859,0.463704,2.147634,0
0.765739,1.039919,-1.451696,3.668963,0.868230,0.873872,0.656649,2.881877,1.670142,0
1.979382,-1.376171,-0.560353,-0.754725,0.947393,2.909399,1.788809,1.343209,1.936769,0
0.981936,0.483565,0.351354,-0.297190,2.286972,1.171658,1.579212,1.208773,0.815813,0
0.128527,0.623088,2.652415,0.462358,1.215253,1.850301,0.190884,1.706514,1.973896,0
-0.498647,1.541670,0.411129,0.358284,1.652934,1.753265,1.925659,-0.964099,2.153060,0
1.235906,1.177048,0.290242,-0.303768,1.636374,0.591873,0.363324,0.610853,1.571849,0
0.959293,1.642112,2.325009,2.001789,-0.617604,0.759745,0.545382,1.138039,1.240066,0
1.883759,0.493565,-0.703834,0.336677,1.951921,0.092681,1.749260,-1.776025,2.454275,0
-0.213008,1.381901,1.832693,1.252972,2.103392,0.672290,0.982815,0.837178,2.167584,0
0.651775,1.116490,0.604825,1.534098,1.064623,1.099474,0.812200,1.899372,2.541144,0
0.849892,1.472826,0.638477,0.148320,0.116988,-0.185373,0.785162,1.218422,2.013874,0
1.699822,2.649800,-1.516194,-0.140361,-0.533556,2.847561,1.200594,1.729623,0.996110,0
-0.484644,-1.332637,1.708442,1.801086,1.329798,0.460465,0.461670,0.331159,3.497966,0
0.543327,1.370249,-2.732128,2.086994,0.681587,2.673455,0.608838,0.745878,-0.368824,0
0.408533,2.511135,0.393511,-0.605047,0.656341,1.584077,0.013718,0.610320,2.068631,0
-1.069054,0.671535,2.177926,0.437316,1.592334,1.334893,2.841172,1.650714,1.788988,0
1.471439,-0.435289,1.031022,0.320773,1.110272,1.443750,1.560355,0.600631,-0.407373,0
1.465249,-1.040437,0.713630,1.311429,-0.189626,0.894118,1.608647,1.898124,3.300418,0
2.422039,0.659558,0.817767,1.357028,1.222605,0.931183,-0.727748,3.155756,2.394745,0
0.350831,1.239934,-0.262199,0.885893,1.087415,1.561370,2.937248,2.661263,2.446998,0
0.918284,0.687966,-0.235405,1.424323,2.561357,2.429448,2.182387,0.962472,1.829433,0
1.519497,0.952871,0.219447,1.323942,0.867405,1.768611,-0.596662,1.660588,0.411974,0
1.663492,1.054247,0.223751,1.179548,0.546699,2.705671,-1.061774,1.221256,2.300713,0
0.916434,1.374124,0.646277,0.575733,0.047076,0.906878,-0.395266,-1.067296,0.660993,0
1.838823,2.037033,0.931352,0.780878,-0.584706,2.407824,-1.928269,0.783886,1.989532,0
-1.422497,1.691294,-0.661428,1.012298,0.064966,0.142721,-0.010515,0.674045,1.255135,0
1.348459,0.299328,1.739126,0.587937,-0.785947,-0.010089,-0.501343,0.463655,1.170125,0
0.475668,-1.636054,-0.727192,0.663075,0.182780,0.528951,0.225520,0.223350,1.107821,0
1.101174,0.876177,-0.730573,2.484413,0.610712,1.528574,1.193308,0.909317,1.869891,0
0.583795,0.665293,1.626150,1.858667,2.223370,0.870557,-0.425697,1.401424,0.753867,0
-0.497597,0.687565,-0.899903,0.753355,0.978984,2.713845,2.657659,0.395124,1.042985,0
1.105410,1.727869,-0.359677,1.674665,1.023419,1.944822,-2.189695,0.829057,0.990934,0
0.796788,2.919685,-0.955086,1.972958,0.946032,1.023280,-0.629726,0.001013,1.910038,0
2.010680,1.420652,0.729880,1.269768,0.978115,-0.631641,0.365157,1.484351,2.806807,0
2.700701,2.859516,1.298841,0.489561,1.512512,1.118781,0.407834,0.816537,1.326355,0
1.467439,0.290811,0.236061,1.108906,0.693727,1.110765,-0.662472,0.893805,1.368267,0
1.090331,2.543375,0.476464,1.693100,2.375441,0.458757,1.393053,0.531165,1.264871,0
1.697018,0.684361,-0.883456,1.564052,-1.243969,2.901376,0.797122,0.632454,0.140024,0
1.905968,-1.114719,1.303575,0.841747,0.636102,1.459798,1.861332,1.245185,0.136811,0
1.194358,1.032163,1.396123,3.307980,1.151905,2.619905,-0.309973,1.887655,2.616745,0
1.445603,2.176188,1.850154,0.824037,1.427951,2.744570,1.279644,2.054700,0.743962,0
0.249164,1.428273,-0.640960,0.930984,1.654183,1.457238,2.503504,0.369067,0.176583,0
-0.059346,0.996932,0.386741,-0.440590,0.231308,1.824292,0.586631,1.010231,-0.604364,0
1.102800,0.033420,1.512734,1.779178,0.550159,0.759407,2.582001,1.022620,0.083731,0
2.353102,1.177653,-0.645684,2.905689,1.374858,0.244874,1.007266,-0.251416,2.896269,0
1.581727,1.122915,2.127164,0.749896,1.997045,1.469820,-0.026500,1.927795,1.844514,0
-1.625835,1.525953,2.509650,-0.527113,1.470145,2.248997,0.426665,-0.043665,1.266054,0
1.472331,0.426838,0.359877,1.142803,0.242705,-0.101227,-0.015915,0.720861,3.817449,0
-0.400973,0.634735,1.333434,-0.449887,1.923724,1.293848,0.526068,-0.769844,1.228556,0
0.953922,0.827647,1.396916,2.358777,-0.900003,1.168507,0.578425,0.564837,0.830723,0
0.969808,2.524981,2.119365,0.424123,1.288104,1.431202,-0.502028,0.137475,1.230690,0
0.746854,0.952870,2.344216,0.510270,-0.813850,1.145258,1.315478,0.060315,0.472504,0
0.739595,1.788443,0.683341,1.020982,-0.959383,2.406448,0.280307,1.401987,2.756622,0
-0.585539,1.324099,0.524807,1.735751,-1.213141,0.197097,-0.091371,1.461821,3.624423,0
-0.107771,0.554848,-0.220913,1.017675,-1.225747,2.137678,2.157141,-2.274538,2.949963,0
1.014554,0.571867,2.140282,2.578278,0.967831,0.362246,1.423983,-0.785855,2.374041,0
1.547382,2.108384,0.319839,0.307946,1.702249,2.115515,1.051588,0.544566,0.793219,0
3.329048,1.442707,-0.061002,1.557007,0.616654,1.403435,0.471638,2.276324,2.393349,0
0.627125,1.014990,2.554187,-0.186532,1.717318,1.636541,-0.166866,-1.673092,0.566127,0
1.570237,1.551094,0.866397,0.408632,-0.682080,0.933347,0.273088,-0.763531,1.465902,0
1.352047,0.616129,0.764113,1.648946,2.489546,0.301946,1.880517,1.053301,1.845130,0
-1.109455,1.081987,-0.031511,2.716959,0.399000,-0.022319,0.959078,1.817485,1.768373,0
0.655044,1.555232,2.465188,-0.210221,0.692571,-0.469985,0.299746,2.291571,0.397195,0
0.835234,2.288661,0.283242,1.833635,0.680185,0.329780,0.205177,-1.785994,3.514707,0
0.332196,1.067731,0.537200,-0.976269,0.989883,1.213758,-0.335129,1.143945,1.285936,0
1.757541,0.583976,-0.313635,1.759309,-0.371617,2.082529,0.184209,-1.060035,1.816384,0
-0.475860,2.046051,0.694059,3.243534,1.411462,2.778247,0.128769,-1.069274,1.841644,0
1.970899,0.070736,-0.497196,2.397228,2.829976,1.168111,-1.021698,2.120642,0.647847,0
1.072782,2.620264,1.813975,-0.056698,0.305363,2.233113,1.265168,1.942983,3.111812,0
-0.129713,-0.085237,1.401254,0.639975,0.595835,0.444634,2.115222,0.305551,2.162649,0
-0.523133,0.447388,-0.932541,1.706579,1.159496,0.021676,0.640977,0.306164,1.637485,0
0.563004,0.659031,-0.665608,2.482176,2.288716,0.859513,1.660166,1.161063,3.266410,0
1.526502,1.504133,-0.318808,1.617440,1.649723,0.871806,0.654050,-0.006313,2.479282,0
-0.681835,0.357515,0.929948,1.475388,0.952649,0.259113,-1.403740,1.445260,1.835321,0
1.324088,1.740241,0.318543,0.534525,1.704134,1.413038,2.208751,0.727694,0.621004,0
1.290118,1.304405,0.229240,1.927548,1.519527,1.724116,1.406184,0.030343,3.518685,0
-0.064157,0.241361,0.483067,1.004949,0.493454,2.241561,-0.456323,-0.558979,-0.682271,0
2.373265,2.631311,1.027216,1.872992,1.042757,0.579671,-0.633511,1.878156,1.535572,0
-0.106853,-1.052667,2.548267,1.368878,0.109383,1.353184,1.236487,1.278712,1.202192,0
0.520320,4.427199,0.454635,1.102698,2.216418,1.907369,1.218546,2.438583,1.364239,0
0.074824,-0.023420,0.244130,0.819863,0.990625,0.072908,0.442096,1.136149,1.290960,0
1.623894,2.749982,0.446704,0.275816,0.590771,1.098432,0.444986,0.132147,1.549501,0
1.371680,-0.721466,1.655493,3.594384,0.359291,2.051589,0.786434,0.371040,0.206496,0
-1.366363,2.702824,0.310878,0.476921,0.581054,0.947225,0.021752,0.036209,1.916492,0
-0.052530,1.782933,0.532398,2.007544,1.499322,-0.331215,0.002170,2.062546,1.744912,0
0.385649,0.970506,0.940706,1.711121,1.644181,1.270458,-0.143502,1.010731,1.044975,0
0.299952,1.430686,0.266862,-0.041626,1.014170,1.013696,-0.033333,0.986495,1.994815,0
0.797395,0.536068,1.613870,0.022996,1.680329,1.324589,2.293094,0.063369,2.239601,0
0.953272,1.410616,1.753453,2.123533,0.630097,1.133104,1.273095,0.740020,0.507526,0
1.279683,1.528526,0.326193,1.363337,-0.032070,0.875256,0.532061,1.960932,0.156094,0
0.956718,1.911551,0.697847,0.729349,1.193253,1.932260,1.437007,-1.138125,1.458405,0
0.290674,0.745117,0.650674,2.335726,2.144381,0.157763,0.670934,0.673857,3.207052,0
0.643568,1.020129,0.620325,0.272402,2.479728,0.019983,0.789823,2.630693,0.363323,0
0.440921,2.345189,0.830228,2.443862,1.216732,1.059240,1.062820,0.607197,-0.067411,0
0.118495,3.561296,0.954653,1.291815,1.401992,1.032837,2.071490,1.570507,2.845595,0
1.596008,1.100553,1.341625,-0.025631,2.471412,1.699817,2.291008,0.754618,-0.166376,0
1.163179,1.672321,0.306370,0.029571,1.501200,0.779909,2.516418,-0.263779,2.952214,0
0.136230,-0.984499,1.530653,0.203803,1.918490,-0.637213,0.215836,-0.424652,0.936396,0
-0.051848,3.007042,-0.819495,1.226822,1.743721,1.720728,-0.390878,-0.362039,1.292061,0
1.108363,1.218225,0.610517,1.758462,0.510603,1.702310,1.948075,0.886161,0.498822,0
0.958099,1.412169,0.603891,-0.152431,1.281329,-0.421907,0.498031,0.496986,1.906876,0
1.453729,1.210161,1.364448,0.862976,0.678197,1.252872,1.669358,1.224219,1.975256,0
1.693326,0.181093,-1.759053,1.411699,0.893850,1.922355,0.708342,0.457794,1.335360,0
0.749153,1.643204,0.145412,2.319186,1.153918,-0.114584,1.195590,2.404864,2.613351,0
0.009854,2.370709,1.546178,-0.748121,-0.976667,2.057139,1.567745,1.733063,2.556569,0
-0.957741,2.279932,0.747939,2.001509,0.747273,1.314156,0.607069,0.235004,-0.973977,0
2.081364,-1.576267,2.083331,2.318450,2.165467,1.767224,0.311327,2.802749,1.022403,0
0.557234,0.784154,1.042139,1.398867,0.116300,1.795459,2.057228,-0.530958,0.078824,0
-1.225323,2.127617,-1.444215,1.394028,0.884625,1.373833,0.424967,1.804293,1.912992,0
-0.071295,2.449710,-0.518964,0.951748,1.335206,1.151808,0.710496,0.081363,2.383604,0
0.016453,1.121892,0.382437,2.538093,2.767108,1.740825,0.163647,1.504156,1.064920,0
2.168532,1.016428,0.970579,2.309874,2.399090,-2.510233,-0.179863,-0.199050,1.218599,0
0.284871,1.542824,-0.800890,1.871071,0.970721,1.361371,0.839385,3.444355,3.632386,0
0.081828,1.910444,1.271401,2.507372,0.228942,1.308856,0.677261,0.832336,1.310370,0
1.329225,0.122144,-0.035820,1.593176,-0.522318,2.323994,2.093881,2.538181,0.311950,0
0.574169,2.472033,-1.144820,1.962417,1.959061,-0.220106,0.967938,0.360778,1.374499,0
1.243352,1.904792,0.387745,0.195312,0.736640,0.756475,0.431963,1.083811,1.574858,0
0.395667,1.557027,-0.197637,0.515838,1.867493,1.413859,-1.425976,-0.351424,0.584635,0
0.242883,0.091790,0.056670,0.131427,0.486960,0.676805,0.009396,-1.213072,1.651600,0
0.771919,0.539688,0.515148,1.313627,-0.052224,1.687375,0.015214,1.834564,3.160800,0
2.041378,0.043297,4.211276,0.707998,0.169187,-1.077392,0.338148,-0.083501,1.133391,0
1.201969,0.975771,0.593530,0.651937,-1.011922,1.263571,0.850882,2.353984,1.299261,0
-0.207372,2.349515,-0.229239,-0.669049,0.167502,-0.259001,1.492527,0.801215,1.111369,0
-1.061077,0.155884,1.316923,2.981341,0.891484,1.534699,0.892795,0.135622,1.181806,0
-0.521947,0.129374,-1.421117,1.022310,0.548450,1.448791,-0.116223,0.348628,3.302052,0
-0.842941,0.006328,0.507170,1.182528,0.905104,0.480951,-0.065636,0.220994,3.344271,0
0.849968,2.058685,0.252130,1.269149,0.589004,-0.756675,0.007670,1.521538,1.361790,0
0.783644,2.007478,1.411910,0.333923,1.067074,-0.571654,-0.109030,-0.124926,1.617981,0
0.767272,1.823281,1.219503,0.087661,2.812920,1.213032,0.492884,1.030316,2.508125,0
2.933764,1.814545,0.560244,-0.158962,0.992113,1.600975,1.072269,1.464608,1.708866,0
1.482370,0.608419,0.727003,-0.069485,0.293039,0.448421,0.208019,1.266793,1.491251,0
-0.406324,0.120646,-0.499084,1.705560,1.519279,-0.184312,0.887277,1.433882,2.726058,0
0.824199,0.446875,0.246717,-0.492108,1.611827,0.415049,0.152611,0.791108,2.245865,0
1.873496,-0.000793,-0.623503,0.861448,0.494144,1.392403,-0.477921,0.574634,1.507941,0
1.435269,-0.231757,1.008285,1.059846,0.942444,0.361938,0.677404,-1.383457,0.634846,0
0.268561,0.773428,1.101234,1.625868,0.773884,2.970360,0.481829,0.192516,1.783916,0
1.021647,1.662318,1.098395,1.000071,-0.761595,0.522047,-0.658771,2.738431,2.591854,0
3.355238,1.660060,0.323747,-1.348900,0.151171,0.897501,1.088359,2.558744,2.071352,0
-0.374169,0.496141,1.055446,-0.075749,0.530616,3.859293,2.112813,0.162959,1.482441,0
2.130415,-0.305347,-1.251218,1.327869,2.404882,-0.151004,0.699903,-0.570344,2.798994,0
0.506828,0.355711,0.297570,1.460280,-0.262536,2.411069,0.851400,1.733503,1.584975,0
-1.046940,2.020174,0.434854,-0.637072,0.791838,0.835432,0.915881,0.566945,1.484833,0
-0.619575,-0.331166,1.604206,2.000383,0.891874,0.314613,1.115032,0.644536,1.390926,0
1.176265,1.910290,1.278490,1.294299,-0.696757,1.559914,0.547589,0.501540,1.948533,0
1.190219,2.371850,-0.683051,0.712306,0.438392,1.384181,0.819495,1.271419,1.715812,0
0.183950,1.565176,1.414797,2.100798,1.931996,2.360638,0.212077,1.500496,0.645185,0
1.660294,2.108409,-0.873690,2.431838,0.709795,0.384150,1.464987,1.730373,2.138464,0
1.252962,1.337661,0.180765,1.959300,2.189679,2.064860,0.751485,1.610532,3.113393,0
1.314198,1.529086,-0.457300,1.049260,0.863167,0.767896,0.540978,0.143243,0.998268,0
-0.433069,0.410805,1.495968,0.695244,-0.263661,-0.761213,1.205482,0.609684,2.151844,0
1.348194,1.623600,3.254568,0.545936,0.197273,-0.727516,-1.212578,0.151009,0.902213,0
0.333190,0.444532,0.624062,1.640747,-0.540484,1.575554,0.812113,0.268301,2.587996,0
1.283398,1.764552,2.076537,-0.103850,1.369191,1.179585,0.552166,2.637251,1.216790,0
-0.532437,1.317278,0.609347,0.855587,0.646503,0.112871,0.052794,1.371224,1.699725,0
0.488996,0.635809,0.680110,2.455867,-0.860084,1.655110,-1.248887,-0.299469,1.092835,0
0.233714,0.543278,-0.056422,-0.433290,1.514113,1.429141,-0.179574,-0.061694,1.593368,0
1.450651,1.562724,-0.779279,1.106794,1.830575,1.812877,0.394487,0.823499,1.921081,0
-0.704890,1.274434,1.994308,2.471706,0.522032,0.894114,-1.817352,0.953068,2.155447,0
0.994430,-0.190335,2.170195,2.756479,0.621562,-0.530404,0.652693,1.334668,1.114311,0
1.549962,0.732362,0.180105,1.625444,0.888705,1.999024,0.391126,0.524794,1.034025,0
-0.878593,2.416856,0.535125,0.042091,1.907733,0.721385,0.671322,-0.213743,4.115724,0
0.041777,0.617998,-0.097895,0.471478,0.231808,-0.163537,1.760641,1.628476,2.254084,0
2.351636,-0.171684,-0.357895,-0.046755,1.384394,-0.839562,0.097573,1.480628,2.962228,0
0.865466,1.434390,0.864082,0.688753,1.125429,1.560190,-0.690967,1.101478,1.582739,0
2.548507,1.163088,0.751985,0.307114,-0.494540,0.459415,1.149155,2.425185,1.724840,0
1.335701,2.478979,0.450439,0.215785,0.846813,-0.544537,1.082251,0.829009,1.630284,0
-0.269527,1.048625,2.052148,1.290806,-0.070354,-0.177593,-0.085740,1.399697,3.362495,0
0.277161,-0.310505,1.875638,-0.959944,0.969580,2.537301,-0.023543,-0.543646,1.449612,0
0.677194,1.479471,-1.376394,0.371374,1.191034,2.028216,1.010779,0.380928,0.519471,0
-0.452299,-0.083664,2.386132,2.679095,-2.073902,0.146278,0.447234,0.625620,0.183584,0
0.185217,0.103716,0.503354,0.761757,0.580139,0.867030,0.905785,0.667309,0.808671,0
3.946582,-0.093248,0.023739,0.143842,0.256075,2.906604,0.625912,2.049412,2.814576,0
0.777407,0.777875,0.157337,-0.877086,-0.115711,2.378228,1.318874,2.125665,0.708804,0
0.245347,1.414247,1.308753,-0.015846,0.024913,1.055216,3.306234,1.051498,0.971161,0
1.422821,0.881365,4.269026,0.831354,-0.009136,2.138915,-1.144494,1.026662,2.513281,0
0.485541,2.045434,0.187558,2.967721,0.193660,0.603583,0.316183,0.227392,1.873853,0
1.997835,1.104631,-0.456810,-0.292202,-0.309974,0.110195,1.582091,1.852519,2.372430,0
0.005973,2.295996,-0.199114,1.143452,0.764692,2.314056,1.202227,0.140956,1.216130,0
0.988426,1.187446,0.469336,-1.727994,0.400523,0.102173,0.302913,2.090772,2.191832,0
0.913402,1.372158,2.072624,1.737563,2.140632,-0.060762,0.838470,1.176493,1.184697,0
-0.076975,1.301894,0.917373,0.658112,2.034339,1.817919,0.369393,0.804264,1.271472,0
0.265551,0.659153,1.300880,1.349789,0.506639,-0.875183,0.988284,-0.655315,0.658064,0
0.631450,0.397541,2.025329,1.372841,1.448898,-0.147692,-0.110221,1.187914,0.853995,0
-0.768379,1.576310,0.978292,1.501210,1.553063,0.425300,-0.191220,0.904822,2.810377,0
1.005291,1.064089,0.645447,0.073022,3.306566,-0.320908,-0.020936,1.995850,1.515678,0
0.315794,2.153462,1.076473,0.436535,0.877718,1.526973,0.852711,0.237598,2.864480,0
2.429524,0.463334,1.302604,1.158965,1.904858,-0.050922,-0.827919,0.020315,1.306330,0
3.104150,2.648423,0.768844,0.998588,-1.209150,0.924244,0.529502,0.818083,1.268885,0
1.699500,1.727813,1.800643,-0.118770,0.110047,1.571577,1.785713,0.841484,1.947235,0
0.503675,1.539875,-0.818026,2.054036,-1.090651,-0.888348,-0.915281,-0.038187,1.904678,0
-0.137453,0.773280,-0.678837,1.680089,1.884821,0.202657,1.066452,1.074865,0.585070,0
-0.634605,-0.095276,0.956715,1.092714,1.302201,0.858662,1.059023,-0.547644,1.228962,0
-1.103256,0.168173,0.506973,-0.209054,0.546722,1.751210,0.754982,1.093448,0.693361,0
1.504524,1.042315,-0.401044,1.095482,1.160603,-1.666179,0.899132,2.987914,2.987086,0
0.614350,0.730396,2.604588,1.440012,-2.154324,1.139957,0.312435,-0.233598,0.358762,0
0.171662,0.718717,1.328843,1.922237,-0.091831,0.824139,-0.602071,1.058607,1.049521,0
1.907254,0.094395,-0.235109,1.424857,0.891940,2.380904,1.521599,-0.043553,2.892404,0
0.835760,0.990036,0.674329,1.877170,2.070421,0.834625,-0.115910,2.184433,1.737221,0
2.215823,0.548538,1.047662,2.905234,0.482768,1.535776,1.581421,0.329510,0.459026,0
1.181355,2.602666,-0.856100,0.146388,2.166578,0.957084,0.740287,1.073437,1.286460,0
-1.002643,0.745922,0.972420,1.503904,2.132022,1.193711,0.488490,2.663220,1.408279,0
0.936422,1.104578,-0.217434,1.980239,-0.862339,0.673552,1.637994,-0.186116,2.313850,0
0.409885,0.154285,-0.309163,1.992676,0.629581,0.775414,0.464171,-0.320954,1.593266,0
-0.503350,1.097688,0.202477,0.648658,0.736917,2.034627,0.702833,1.667151,2.547125,0
1.000703,1.297350,1.522361,0.401287,0.804879,0.941052,-1.117404,0.879163,2.249927,0
-0.094263,0.508306,1.017668,0.669249,1.301318,1.442588,1.802867,2.795242,2.135061,0
1.274861,0.755178,0.557290,1.574437,-0.920864,1.082515,-1.539278,0.795134,-0.123262,0
2.284610,1.009394,0.221281,-0.023718,1.914414,2.484245,-0.737288,2.401606,2.779167,0
2.607938,1.975721,1.627657,2.318178,-0.089389,-0.141925,-0.250560,0.517837,1.697806,0
0.757146,4.002981,0.637181,0.758317,0.981778,1.714221,0.006064,0.763579,1.400161,0
-1.083032,0.956148,-0.107396,0.134015,1.039930,0.477603,-0.756891,0.684228,2.674728,0
1.068457,0.362729,0.800197,-0.444746,1.361941,1.212017,2.419978,0.028515,0.770719,0
0.102156,1.986419,0.737061,0.204104,0.737459,2.326161,2.448489,2.032556,3.257859,0
2.543427,1.611892,0.195803,3.321985,1.744310,0.648840,0.594229,0.606233,0.676766,0
0.929943,2.460034,0.109298,1.869085,1.318055,1.092486,1.217135,0.682637,0.754211,0
1.090473,-0.427218,2.321212,-0.355434,1.329547,1.069727,-0.049707,1.487438,0.027903,0
2.155102,0.201350,1.054085,1.798918,3.033966,-0.055324,0.274721,2.813001,1.466546,0
-0.110606,0.508554,0.987334,0.556531,0.933567,-0.853406,0.469462,0.753167,1.585351,0
0.110835,-0.870062,1.417526,1.749991,0.341177,-0.854381,1.139234,2.644742,1.573300,0
2.570197,0.823046,1.631870,1.901482,0.439803,1.118110,1.363475,0.337353,0.793679,0
0.996811,0.763259,0.922434,0.979494,0.030724,2.859681,-0.571217,0.947587,0.272986,0
-0.037076,0.014216,0.334336,0.559811,0.249035,-0.194870,0.426689,1.556066,0.684575,0
2.028579,2.005992,0.480317,1.494793,1.150726,3.164031,0.256415,1.233171,1.547133,0
0.400586,-0.174708,-0.885332,1.464006,1.974668,1.209227,0.536794,2.419915,0.423831,0
0.497218,-0.807831,1.342885,1.228293,1.127180,0.430911,0.289414,0.780934,3.081366,0
0.722214,0.432898,1.253480,0.154899,-0.425207,1.250582,1.130990,1.591852,1.409397,0
0.613604,2.153715,0.576912,0.718234,1.635659,1.263536,1.146418,1.469842,2.060116,0
1.192680,2.004324,3.381581,0.633666,0.970165,1.646239,0.183330,1.069033,1.170413,0
1.790292,1.129626,-1.684820,1.776552,1.334354,1.233526,-1.271595,1.630232,0.859598,0
1.021731,0.894747,2.369100,-0.010277,0.156692,1.323487,1.068596,2.419446,0.680393,0
2.128517,1.682339,0.284969,1.805615,1.228694,0.196056,1.107475,0.468935,1.208476,0
-0.094684,-0.980473,0.597463,0.316021,1.375614,1.552926,2.194612,0.511408,2.812877,0
-0.040931,1.700511,0.888996,0.869527,1.590580,1.263899,1.361011,0.531279,0.454688,0
0.525022,-0.213618,1.433581,0.479146,1.878702,1.554080,-1.382258,-0.134670,1.580828,0
2.015867,0.439673,2.218352,1.316086,0.651327,2.072191,0.913433,2.008856,0.996930,0
0.954681,0.527798,2.388390,1.203893,-0.248302,1.133020,0.764793,-0.731290,2.570029,0
1.311741,0.080317,1.036510,2.100325,0.549640,1.692898,0.857062,0.691431,4.325893,0
1.566682,-0.484462,-0.330218,0.273802,1.484548,-0.179978,0.540242,0.157336,1.857998,0
0.169823,-1.105414,2.136346,2.125268,1.040907,0.840584,0.138036,1.801710,1.095097,0
0.259570,0.608918,0.885453,0.458811,0.783205,0.016522,-0.864618,0.886738,3.578241,0
0.661902,2.024102,-0.082843,1.191101,1.052968,0.151021,-0.111192,0.974398,2.913285,0
0.777470,2.014188,0.548455,0.509183,-0.268438,-1.812433,0.213238,-0.609829,0.718108,0
2.007455,0.225401,-0.100553,1.070158,1.777525,0.835613,0.114994,0.888310,2.398059,0
0.891911,0.974501,-1.340003,1.462923,-0.033219,0.973836,0.168175,0.296688,-0.779288,0
0.117470,-1.590844,1.219375,1.990829,1.758423,0.879210,0.119581,0.932270,2.175908,0
2.021971,-0.210959,-0.260183,2.362093,0.507292,2.435687,0.184594,1.071774,0.637911,0
1.227216,0.006739,0.974859,0.193988,1.051462,2.058993,2.625161,-0.034203,0.673736,0
2.091707,-0.221231,1.442457,2.574591,-0.167643,-0.003501,0.729177,2.297655,3.116653,0
-0.579341,1.498568,0.777122,1.720643,0.564807,1.126753,1.061078,-0.468919,-0.592113,0
1.696700,0.540696,0.164167,0.074785,0.979105,0.674768,0.418170,0.234599,1.116020,0
-0.166194,1.188689,0.326804,-0.768087,1.553372,0.675240,1.668256,-0.260306,0.956482,0
0.841122,-0.290284,-0.340918,2.472973,0.601054,-0.568995,-0.149071,0.939015,3.131232,0
1.263481,0.556223,0.672253,0.316203,1.902494,0.409413,0.168686,1.390040,2.916994,0
2.090136,-0.686957,1.033319,1.581143,1.400571,-0.410258,-0.128171,0.364102,-0.047966,0
0.217354,1.345983,-0.224367,1.045658,0.134373,0.919105,0.086538,1.146000,1.753188,0
3.176926,1.837935,-0.453730,2.384170,0.790740,1.614917,0.041111,0.579659,0.952867,0
0.299271,2.982254,1.067307,1.046906,0.635309,-2.020084,1.111520,-1.097927,2.822248,0
0.581583,1.561717,1.780207,2.883278,-2.333978,2.948751,0.854726,1.590268,1.253909,0
1.118002,0.257758,-0.231884,0.252822,3.114800,2.138692,0.174506,0.454169,2.020937,0
1.705669,1.210508,0.325328,2.248439,0.646502,0.611668,-0.420808,0.737338,1.251195,0
1.142124,0.762765,1.463574,1.260879,0.967814,0.239522,0.287771,0.189686,1.210966,0
1.462927,1.859655,0.482239,0.487679,0.668986,2.678941,0.734764,2.083942,2.278766,0
1.066817,1.909477,0.724718,0.869968,0.057885,1.101632,1.000098,-0.396097,1.438698,0
1.318747,2.506984,0.797900,-0.132520,0.266842,1.968908,-0.064503,0.593107,3.229676,0
-0.186325,2.098729,0.992254,-1.194104,-0.436378,0.488518,1.577138,1.716479,1.044112,0
-0.203890,1.566178,0.511359,1.878634,1.140270,-2.478812,-0.065041,1.865019,-0.079858,0
2.059849,1.360382,-0.088724,0.560505,0.882436,0.156833,1.184241,-1.044283,2.440153,0
0.611198,1.199767,1.784154,-0.305734,-0.425716,2.033985,0.091774,0.366858,1.262500,0
-1.063532,0.638849,0.428508,-0.246851,-0.258155,2.318002,-0.197285,2.110662,1.333359,0
2.713478,-0.418576,1.473051,1.035503,2.525497,3.361547,0.611241,1.559906,0.446809,0
1.591911,0.897610,-0.618018,3.529342,1.193215,0.637244,0.556041,1.826220,2.164054,0
2.201424,-0.117012,0.139018,0.191813,2.850297,0.563003,0.688609,0.484102,1.410111,0
0.263039,1.148719,-0.495657,2.711866,1.429435,1.102151,-0.044235,0.783252,2.116462,0
1.314714,-1.170114,0.090647,0.275643,1.217776,0.611863,1.672243,1.906294,0.588228,0
1.454977,2.494594,-1.167665,2.192901,1.475821,-0.866411,0.388885,2.072980,1.539622,0
2.123096,1.481913,0.886296,2.309943,1.307263,1.887882,1.478016,-0.636238,1.115867,0
0.922983,1.492203,0.472472,0.878481,2.485227,0.773395,0.696028,1.434812,1.542447,0
1.231671,1.477007,1.128840,2.146115,1.871349,2.070955,-1.087221,1.435142,2.564176,0
0.687086,1.782041,-0.338279,0.360043,1.844281,0.529124,2.669415,1.126921,2.853140,0
1.899574,0.108478,0.907435,1.216635,1.580777,0.890483,1.613958,2.767750,2.772437,0
0.973773,0.617114,0.949413,1.808374,-1.204305,-0.018321,-0.025474,2.436317,2.322916,0
2.384475,1.528072,0.303126,-0.358559,0.861391,-0.520377,0.017983,0.007083,1.581887,0
1.911024,1.407651,1.412747,0.628102,0.521870,2.107732,-0.302382,1.629436,1.740171,0
0.714932,0.255953,1.437330,0.650255,0.868283,-0.055405,-0.104310,-0.316824,1.454489,0
0.220327,1.907532,2.390220,-0.292518,1.475108,1.091878,-0.493491,-0.077673,3.357282,0
1.945148,2.670313,0.710298,0.701021,2.344779,3.126230,0.035906,1.313681,0.676178,0
0.935775,0.685731,-0.236152,2.216120,1.492276,1.107159,0.941214,2.098326,0.973099,0
2.327929,0.379616,2.255599,0.541106,1.069391,2.104560,0.263104,-0.998063,1.101369,0
1.010061,3.190642,1.415315,0.486327,-0.233167,1.445035,0.071120,0.759218,0.523873,0
3.205334,2.437090,2.640520,0.023063,-0.851724,1.126220,-0.523181,2.133430,1.571204,0
1.866869,1.492817,1.033988,1.291389,1.770466,0.408640,2.823211,-0.313981,0.569248,0
2.254890,0.833427,1.009565,1.553192,3.166526,-0.666484,2.390376,0.966699,1.197841,0
1.397722,0.779891,2.293712,-0.544606,0.268448,1.589753,-2.422177,1.619249,2.594319,0
3.157798,-1.009977,1.280332,0.529431,0.758067,2.412611,1.894558,1.104430,1.053446,0
0.347451,1.000067,-0.186495,0.206643,1.609317,2.122297,0.665438,1.205120,1.506976,0
0.407722,0.877032,-0.506087,3.175746,2.395739,1.796991,1.456350,1.632332,1.334483,0
-0.009099,3.444486,1.280004,-0.353836,-0.453694,2.366410,0.824079,0.996472,0.135289,0
1.102332,-0.129239,1.169412,1.137350,1.918840,0.446441,2.587409,1.292787,1.203744,0
2.011176,0.406730,0.318541,0.993926,-1.024549,1.774177,2.029709,1.424382,1.263424,0
0.328012,1.484953,1.745381,1.538853,-0.273860,1.655964,1.258835,1.353269,1.673153,0
-1.344197,1.730437,2.313278,1.120156,1.445272,1.562837,-0.551342,0.499963,1.444010,0
2.672949,3.459901,1.190458,0.253163,1.476358,1.043616,0.472613,1.830838,-0.016831,0
0.865236,2.085622,0.674026,0.432113,-1.020039,1.618463,-0.832965,0.579854,2.598631,0
1.637354,1.218089,0.471669,1.513023,1.303087,1.648613,0.429504,1.706993,2.281974,0
0.806083,0.334480,2.084376,1.636581,0.260044,0.423973,-0.912379,0.984279,0.140867,0
-0.020444,-0.289912,1.682514,1.728249,0.065298,1.527733,1.693282,1.346721,1.557307,0
1.063671,2.568052,3.023437,2.817663,2.764792,2.278457,0.868531,0.078032,0.661960,0
0.904632,1.250360,0.573298,0.342649,1.945719,0.059760,1.031504,1.888915,2.073369,0
-0.337108,0.796228,2.072359,0.126299,-0.008390,1.693770,1.305226,1.364589,1.646121,0
0.541931,1.954898,-0.247330,1.003815,-1.504154,0.077316,0.324967,0.912037,-0.210783,0
3.016701,1.542030,0.449164,1.391894,1.107665,2.053464,1.446787,0.093047,3.699132,0
1.544893,1.566996,-0.497011,1.496681,0.821867,0.467878,0.637448,1.681244,2.301214,0
1.137088,1.738400,1.750436,2.338893,2.362132,1.954835,0.122009,0.075163,2.833864,0
0.438167,0.942952,-1.330759,2.082227,-0.295499,0.779902,0.542018,0.308501,0.360637,0
-0.096010,1.462874,2.269038,1.877653,1.925372,-0.551691,0.442373,1.422434,2.078344,0
1.625845,1.128783,2.681018,0.945412,-0.621403,1.672985,0.080319,1.164866,1.685641,0
0.957541,1.118668,-0.380039,1.870487,0.357915,1.020374,1.351434,2.995842,1.764421,0
0.634305,0.519927,2.285413,3.361430,0.998806,0.534756,0.451845,-0.817520,0.177784,0
1.076128,0.243851,-0.465214,0.741723,-0.262141,0.982502,1.782927,1.261247,1.219066,0
1.505739,1.960113,2.093417,-0.578277,1.590803,0.247405,-0.096897,0.892304,2.866405,0
1.455018,3.113362,0.264202,0.958268,0.808499,1.515283,1.830195,2.193154,2.759632,0
2.748612,0.256052,0.202388,1.178548,1.901036,0.918154,1.345271,2.746336,2.130784,0
1.870398,0.591043,1.333614,1.340444,0.937544,0.884249,0.258775,1.306848,1.310417,0
0.539236,-0.404345,0.184192,0.849421,0.453295,1.040622,-0.570032,3.493265,1.571085,0
1.628521,-0.373332,-1.390812,1.405407,2.223550,0.728093,2.102913,0.757741,0.106439,0
1.040528,1.837577,0.167902,-0.191747,-1.246925,-0.354205,0.396630,0.269220,2.380168,0
0.983318,2.883963,0.451656,0.559167,0.190066,0.196643,1.515120,0.568098,2.616024,0
0.548443,1.765337,0.879079,1.302962,1.506758,2.261662,-1.065855,0.947581,2.518356,0
0.534751,1.537287,-1.073355,0.284696,1.680007,0.329355,1.474166,-0.185868,2.743637,0
0.417634,0.661712,1.280647,0.923202,0.889779,1.554232,0.280571,1.795776,0.624271,0
1.333436,0.361243,1.511589,1.153832,1.942557,-0.641299,0.614197,2.226682,1.298633,0
0.794230,0.680914,0.769964,2.756676,2.002353,0.664243,0.686576,0.780483,1.062699,0
0.715838,0.945932,0.275231,1.623745,0.570000,0.823386,1.248594,0.323445,0.780719,0
0.715735,3.557509,1.630200,1.054644,1.272590,0.280121,1.716452,0.400689,1.536662,0
2.185448,1.797812,-0.066172,3.130812,1.283999,0.619140,1.496838,1.462946,2.328355,0
0.785044,1.596163,1.279164,0.484225,1.147133,1.194461,0.355883,1.152098,2.850904,0
0.463751,0.580896,-0.694946,0.057988,-0.510486,0.350389,-1.385284,-0.244808,1.349586,0
0.911960,1.776492,1.044338,0.583154,1.613011,0.765312,-0.990896,2.320061,1.351441,0
0.261014,0.393546,0.783799,1.736968,-1.725788,-0.274186,1.083110,1.878622,2.524981,0
2.214965,2.202745,1.131671,0.832758,2.042466,1.557933,0.071739,1.505453,2.206964,0
0.285757,0.495083,0.058666,1.477321,0.596134,1.998735,1.251273,2.507750,-0.618704,0
-0.558718,1.637450,0.979455,0.157549,1.794601,-0.835436,0.245134,2.597119,2.588132,0
2.088106,2.625485,1.512914,-0.381276,0.509020,1.274726,1.431874,-0.491702,2.304648,0
1.634623,1.470424,1.582699,-0.591457,0.588288,2.236957,0.800714,-0.740154,1.492113,0
2.833007,2.183850,1.525098,-1.373594,-0.331780,0.972077,-0.172744,0.547830,1.820677,0
4.157866,0.267388,0.416003,1.076961,1.738184,2.744940,1.191219,2.653498,3.850913,0
0.295943,-0.289681,0.940685,1.775839,1.824953,0.111561,1.958043,-0.223215,2.030496,0
1.304458,2.097699,2.259414,1.346752,0.344398,-0.170523,1.060501,2.083524,4.106879,0
1.108182,1.873322,-0.098136,0.673730,-0.523474,2.073461,-0.079257,0.486822,0.394402,0
0.638519,2.195425,0.795815,1.715898,-1.031300,1.943792,-1.381082,0.890562,1.046284,0
-0.202741,-1.615548,-0.625524,0.159684,-1.019040,1.426639,0.279891,1.750686,0.666665,0
1.406849,1.759492,0.435463,2.663662,-0.896921,1.818854,-0.009516,1.228290,1.031131,0
0.816723,-0.590980,1.287382,-0.474483,1.694042,0.054528,1.025413,1.399445,2.310532,0
1.563548,0.101732,0.484221,2.337457,-0.486590,0.337659,0.964562,1.887891,2.095597,0
0.428618,2.977410,1.089379,0.985718,2.322709,1.749282,0.018682,1.360287,0.030721,0
0.445939,-0.486021,0.304290,2.153267,1.298111,1.260757,0.580011,2.118852,1.238459,0
0.944076,1.624214,2.334399,1.053016,1.129741,3.223504,1.649869,3.405701,1.348989,0
0.345741,0.927497,1.302945,0.354001,2.857327,0.550341,0.434526,2.391274,1.282559,0
1.705403,-0.623195,1.367121,2.236461,0.368841,1.353170,-0.124062,1.822556,2.360868,0
1.267577,-0.269860,-0.318446,-0.094408,1.016077,0.801722,0.537395,0.605786,-0.089134,0
-0.478927,2.390507,-0.537768,2.185004,-0.300330,1.243303,0.531048,1.476939,0.349776,0
0.704168,-0.820439,1.056509,1.947971,2.076671,1.021341,0.757908,0.053263,1.165960,0
0.269348,0.495594,-0.487129,-0.052202,1.364981,-0.552248,-0.304691,1.748556,1.340998,0
1.673989,2.539264,0.288482,1.080233,1.297765,0.761156,-1.293797,0.280686,3.232795,0
1.315051,2.570991,1.000315,0.408188,0.395829,1.094297,2.201461,0.829963,0.962131,0
0.726377,-0.254338,2.034998,-0.485827,0.451832,0.296534,0.733591,0.999533,2.862143,0
-1.141605,1.436234,1.033749,-0.229147,0.932752,0.747376,1.935930,2.703688,2.350228,0
0.065054,-0.513196,0.843766,-0.363582,1.672441,1.939369,2.755774,0.844096,2.157869,0
0.788302,1.433855,0.026414,1.981475,-0.193249,2.023161,-1.200368,1.025516,0.057858,0
2.476969,0.141378,1.141852,1.630428,1.950975,0.658934,0.480479,2.580956,-0.015691,0
-0.758424,2.175763,0.245056,-0.057888,1.247245,1.575683,0.592494,2.357006,2.344030,0
2.114501,-0.612130,-0.070339,4.090475,2.303194,0.243397,0.715353,1.068266,2.729907,0
0.912083,0.479619,-0.533382,0.147890,1.231511,0.048453,0.965164,0.886243,1.585741,0
0.568829,0.801899,0.910013,1.334288,-0.397250,-0.366697,0.063648,-0.019899,3.454739,0
1.389074,0.604682,0.261821,0.907195,0.547429,1.927864,0.357694,0.769202,2.867343,0
-0.012711,2.044821,0.268565,1.441179,1.225197,-0.518035,1.512343,2.642604,1.685856,0
1.688002,0.073880,-0.155291,2.856679,2.394740,-0.046241,0.081429,0.377792,0.819594,0
2.097251,2.460913,2.060526,0.352399,0.014312,0.124034,0.131830,0.014255,0.544798,0
0.017198,0.350862,1.587067,-1.087353,0.947109,1.342518,-1.690844,0.242641,1.300016,0
0.707807,0.094394,-0.500811,0.818325,-0.837696,3.477681,0.006411,0.899551,2.369933,0
-0.153549,0.319041,-0.894647,1.028283,2.102975,-0.038371,0.058533,0.828567,3.093019,0
2.531832,1.622854,0.390200,1.493283,2.922411,0.459561,1.241615,1.374231,2.304342,0
-0.031217,0.008755,-0.319192,0.066172,1.175832,0.004222,-0.020570,0.550986,1.910659,0
1.341384,0.609076,-1.288475,1.431953,1.526723,0.960503,0.667496,1.053373,1.318683,0
-0.821826,-1.001337,-0.067338,1.100945,-0.978879,2.266063,1.374212,-0.599088,4.624298,0
-0.359109,2.094968,1.217338,1.553469,-0.276017,2.099402,0.866691,1.356338,1.789653,0
1.127758,0.516691,2.081430,-1.245148,0.183224,1.131754,2.394623,-0.190692,0.001193,0
0.760623,-0.692695,-1.039161,2.182439,-0.495523,1.799958,0.398668,1.052589,2.387992,0
1.588445,2.422866,1.291712,0.802913,1.356554,1.253633,0.077891,0.185877,3.030706,0
-0.842374,-0.081553,0.725764,2.850096,-0.067611,3.109883,-0.799474,1.560628,2.989336,0
2.933113,1.072634,0.326651,1.430513,2.426864,0.198066,-0.743627,0.451252,1.570546,0
0.736176,0.723485,1.530794,0.707706,1.421359,1.644565,-0.045349,2.091583,1.195003,0
1.957296,0.726820,1.923329,0.638127,-0.621994,0.573878,1.692961,-0.059221,2.430405,0
2.007659,0.492164,1.922503,1.199107,1.238107,1.393576,-0.656401,2.282775,3.680683,0
0.241317,0.960933,0.901795,0.754892,0.776081,-0.069586,-0.530300,1.425421,0.824795,0
1.384817,-0.080040,2.162480,-0.453825,-1.311668,0.345310,-1.289436,-0.915849,3.224754,0
1.058601,1.210690,1.926065,2.222262,1.653637,1.067552,1.802667,1.663850,1.119678,0
2.410247,3.058211,0.390638,0.678395,1.833144,2.544696,0.018224,0.618758,1.345586,0
1.431942,-0.654924,-0.482759,0.287361,0.655000,3.181970,1.636465,1.589547,0.684296,0
1.930579,0.023188,1.159242,1.918769,3.356591,0.650740,0.536952,1.102192,2.351981,0
-0.162587,2.330061,0.247346,1.828714,0.016598,0.228959,1.468683,2.350280,0.924581,0
2.686800,1.132549,0.996102,0.274519,1.211697,1.816744,1.345034,-0.753010,2.567354,0
2.131597,1.770064,0.065329,1.123333,1.320358,1.427825,0.842154,0.969767,2.211807,0
1.056017,1.668982,0.476809,2.227000,2.131014,-1.417749,0.346866,1.178143,1.054143,0
0.310815,0.424704,1.436719,2.378554,-0.112724,1.305276,0.690998,2.549977,1.374827,0
0.850013,0.424821,2.628447,1.705524,1.076624,1.931002,1.609185,1.612659,2.078989,0
0.487756,3.068566,2.242064,0.685023,0.894725,1.181010,-0.591739,1.162062,1.068049,0
-0.059275,0.739006,1.072387,-0.060325,-0.539376,0.645095,1.083956,0.639216,1.653847,0
1.443280,-0.028101,-0.526036,0.140146,2.130099,-0.776736,2.164428,2.352513,1.972937,0
1.094076,2.455694,0.057697,0.354773,2.963032,2.827748,2.005843,0.079562,2.028146,0
2.098567,1.208541,-0.060317,0.907726,0.978643,0.079752,1.308400,0.837362,1.870856,0
1.839032,0.959070,2.278549,-0.347068,0.528901,2.320530,1.788510,0.967931,1.801574,0
1.159538,1.534890,-0.715598,2.145117,2.595159,2.190903,-0.658492,1.007366,1.294374,0
1.315658,0.138507,0.052570,-1.544052,-0.049988,1.178428,2.544968,3.466685,2.041720,0
-0.892271,0.389417,-0.273372,0.575647,-0.166589,2.569917,0.748746,0.505071,2.297234,0
1.127388,1.497861,0.974023,-0.052994,0.949640,0.662558,0.510359,0.219284,3.015817,0
0.383840,0.023627,1.167001,-1.172676,1.367207,1.436031,1.134778,1.727277,2.674472,0
0.767589,0.052211,-0.166848,1.677857,0.565291,1.285990,-0.396952,1.805798,-0.754397,0
3.521914,0.659708,1.683528,1.962922,2.564747,2.702851,0.782240,0.127988,3.500984,0
1.222382,0.293365,2.410129,2.053585,0.084731,0.611498,0.335087,1.904024,2.691323,0
1.174317,0.836746,0.880895,0.352092,1.259350,0.660717,-1.670237,0.756871,0.102773,0
-0.267618,0.304198,-0.151551,1.296717,0.179418,1.603789,-0.322344,2.397070,1.976813,0
-0.383860,0.451778,1.246371,1.968277,0.990603,2.379324,2.179132,1.390683,2.326381,0
-0.121559,1.224780,0.538606,0.676122,2.203677,2.305088,1.010207,1.178473,1.332756,0
-0.268242,1.906957,2.054245,1.361048,1.649677,1.270601,1.240755,1.503794,2.721115,0
0.681219,-0.168515,0.644352,0.356605,2.351017,0.766441,0.895664,1.214928,0.230013,0
1.228668,0.983541,-0.802906,0.541919,0.849033,2.290708,-1.042083,-0.132661,1.689397,0
1.116844,2.131921,1.179883,0.718954,1.126010,-0.346369,1.021165,-0.396668,1.473019,0
-0.928586,1.342090,1.092631,-0.965917,1.002785,1.712349,1.775396,1.894580,1.643669,0
1.361475,-0.668475,0.671014,2.841048,-0.019079,2.258564,0.716574,0.780035,1.627136,0
-0.179175,0.067068,2.704053,-0.987917,0.708080,1.301930,1.658683,0.160689,0.679484,0
1.864606,0.488806,1.670770,2.512685,1.804130,1.314097,-0.481318,0.884863,3.071515,0
0.565160,1.271132,0.924061,2.575141,1.061604,2.060437,2.324373,1.382679,2.708348,0
0.583015,0.611079,0.532548,-0.556668,2.035011,1.042718,1.346597,-0.535793,2.545168,0
1.195612,1.749934,0.608663,0.504079,1.364085,-0.569847,-1.669400,1.809039,3.582836,0
1.532596,-0.074382,2.346112,1.939808,-0.001218,-0.253636,1.202727,1.355904,2.644350,0
0.797066,0.665455,1.714494,1.262547,0.937991,-0.576759,1.605111,1.783531,3.008918,0
4.249732,-0.313531,0.643042,1.453201,1.040221,-0.439681,-0.718183,3.493952,-0.081432,0
1.050797,1.632972,0.256295,1.229399,0.878800,1.273525,0.147465,0.581092,1.647400,0
1.063986,2.344439,-0.974757,0.795856,-2.022226,0.768989,1.559651,0.806284,3.402877,0
-1.183717,0.548454,0.400087,2.143340,-0.349059,0.423485,-0.609661,-0.863631,2.241231,0
3.297177,1.182136,0.657151,1.341445,1.190474,-0.608983,1.541538,0.222464,1.713672,0
0.434630,3.965426,-0.123101,0.597905,1.431748,3.310623,1.999090,-0.678403,1.783606,0
1.172918,1.342299,1.414203,-0.257983,0.374102,0.983864,3.252109,1.009038,1.690445,0
1.302851,1.833811,-0.568850,1.811119,-1.123463,1.918931,0.635905,-1.123347,0.442895,0
2.503479,2.611668,1.314957,2.540515,3.004425,1.249734,-1.376483,2.013131,2.443143,0
0.942274,2.091538,0.769187,3.031574,1.859360,0.761378,0.254157,0.687006,1.517072,0
1.706610,0.567169,1.073139,1.268825,0.113631,0.411955,0.988904,3.311849,2.450907,0
1.975811,2.082955,0.816585,-0.066736,0.061317,0.676740,-0.301465,0.294409,1.570067,0
0.868833,-0.319898,0.930607,1.130900,1.068869,1.610144,0.130323,1.315386,0.177209,0
0.855750,2.497422,3.116397,2.710481,-0.229425,1.685825,1.170232,-0.130463,3.360343,0
2.402941,1.182279,0.872341,2.502722,0.466330,0.702751,0.975665,0.877572,1.646150,0
1.541574,0.814941,0.597424,1.549728,1.369498,0.648263,-0.169262,0.414913,0.949332,0
0.359210,1.110058,2.754548,-0.652835,1.587231,2.070299,1.109285,0.798891,0.992590,0
1.497392,-1.220570,-0.616650,1.190676,-0.659984,-0.159175,2.127850,-0.478233,2.673823,0
1.011261,0.835335,0.043977,-0.591268,-0.410393,0.698447,1.616394,-0.656261,1.345685,0
-0.035035,1.498011,0.046602,0.264372,-0.281231,0.775900,-0.352528,0.452598,1.030844,0
1.435787,1.837847,-0.450288,2.345870,-0.037883,3.621980,0.556742,3.262516,1.505596,0
-0.443715,0.445946,0.211638,-1.283348,2.926503,1.067781,2.140826,0.867802,0.758357,0
-1.081633,-0.138270,-1.237729,0.209586,0.825299,0.558965,2.443901,1.661142,0.336182,0
1.581797,0.616877,0.929522,1.193002,0.225225,-0.247140,-0.989618,-0.067966,-0.040052,0
1.402376,1.824988,0.616147,2.677854,0.444393,1.521385,1.389970,0.448234,3.380974,0
2.135369,1.579866,1.674721,-1.394401,-0.493065,2.533972,-0.205648,0.738429,1.777244,0
0.605063,3.107214,0.021104,0.099561,-1.540905,1.668477,1.939857,-0.972452,2.994821,0
1.212370,1.347750,2.034871,0.648167,2.197650,0.543070,0.287938,-0.180245,2.182072,0
-0.172026,-0.013711,-1.170624,0.902410,0.286955,2.321806,0.264077,0.231053,0.925448,0
0.186660,0.949347,2.164140,2.375494,1.967160,0.541613,0.583146,0.805476,1.815250,0
0.414322,0.833582,1.607204,0.880672,2.510126,1.750852,0.989580,0.885634,2.555396,0
1.614857,2.297885,0.196400,1.692179,0.282876,1.426186,1.351353,-0.215294,3.418661,0
0.702383,1.479717,1.857095,0.926584,2.710501,1.834219,0.113599,1.769422,2.268109,0
2.018033,1.396517,2.272350,-0.798921,2.099188,1.096530,1.287415,0.386795,1.590188,0
-0.311263,0.824741,1.156042,1.458010,-0.477906,1.634543,-0.748856,1.701083,1.691561,0
1.735640,0.765543,0.543791,0.098668,-0.895241,0.570578,1.117237,0.318186,-0.195592,0
0.287170,-0.082830,0.239560,0.920260,0.350735,0.799155,-1.512194,0.170920,-0.279760,0
0.879862,0.363169,-1.699330,-0.390669,0.794429,1.070765,0.163415,0.915314,1.301167,0
2.186881,1.884843,-0.493340,1.096258,1.246115,1.055962,0.697264,1.867253,1.657958,0
0.687567,2.261177,0.414871,0.398627,0.053407,2.053281,0.795599,1.293415,0.190895,0
0.847349,-1.408655,1.337808,1.050231,1.263540,1.955061,0.226799,1.210917,2.151417,0
2.931994,2.530910,-0.217927,3.769137,0.759113,0.677465,1.817170,1.266809,1.745220,0
-0.435525,1.164558,-0.141297,-0.856765,1.432894,0.948854,0.514217,-0.468565,1.328922,0
-0.304774,-0.126817,0.438725,1.043010,1.470501,1.468541,-0.511815,-1.408430,2.133052,0
2.380161,3.166414,0.635265,1.343709,1.289187,0.923253,0.045849,0.253941,2.856897,0
-0.234824,1.272355,1.146471,1.094488,0.015388,1.453435,0.558954,2.597152,2.385533,0
-1.263172,1.731029,1.406922,2.874388,-0.240862,0.739414,-0.951881,-0.525149,1.666721,0
0.767120,0.476063,-0.315706,1.645005,-0.101950,1.216137,2.469451,1.290729,0.584592,0
1.642254,0.995837,1.246425,0.458635,-0.828672,1.948453,1.560738,0.287192,1.957441,0
1.208533,0.770658,1.500924,1.637581,0.915548,0.955616,0.048452,1.796700,0.952056,0
1.752930,3.113105,0.626532,-0.022526,0.371869,0.366583,0.961028,-0.108723,2.328846,0
0.649824,0.840479,1.088055,1.422747,1.145262,1.276957,-0.440050,-0.284032,2.420025,0
0.133611,0.637587,0.582084,1.742089,0.722539,0.567522,0.558432,1.918210,-0.472154,0
0.612463,3.355582,0.359930,2.018220,1.089702,-1.547300,-0.031184,1.628936,1.514727,0
1.948363,2.357151,1.280041,1.944568,1.692326,0.786114,-0.148542,0.241324,1.295380,0
1.038779,-0.031042,-0.373051,0.915570,0.501998,0.071019,0.218486,0.460323,1.585215,0
-0.219012,0.182541,0.464882,1.401397,1.242249,1.294063,1.475322,1.572401,2.449521,0
2.501818,1.422918,0.232126,0.403437,0.862429,-0.534914,0.844888,0.807281,0.318307,0
0.821209,0.807721,1.037113,0.507773,1.272964,-0.037511,-1.189013,1.764846,2.198703,0
0.013780,0.514614,0.858148,2.950403,-0.286262,0.393112,0.666057,0.363465,2.283695,0
0.752471,1.074765,1.383558,0.857867,1.297740,-0.792761,1.115735,2.096981,0.184790,0
1.162942,1.043361,1.707266,-2.095639,1.015900,0.778435,0.808110,0.704073,0.738014,0
0.776849,1.704106,-0.019687,0.116910,0.766498,1.688634,0.258475,0.584326,-0.585232,0
1.778064,0.319734,2.207870,1.529639,0.078625,-0.442201,1.849001,-1.302413,1.837699,0
1.043521,0.440821,1.060972,0.360464,0.350900,0.863465,2.785572,1.546992,1.494025,0
1.360055,-0.678337,1.629043,-0.687007,-0.301519,0.123147,2.194336,1.400666,2.094662,0
-0.336023,-0.082076,0.109591,0.650115,1.261579,1.375417,3.326634,1.256349,2.247976,0
1.182800,0.248818,-0.421101,0.175790,2.501777,1.361915,1.300665,1.248490,2.147208,0
1.500167,0.827503,1.422771,1.554990,2.151290,1.281133,0.545365,0.478122,1.826242,0
0.306562,2.334704,-1.285575,0.830084,0.575718,1.281876,-0.894076,2.221977,0.975527,0
0.864096,2.118992,-0.399010,3.353195,0.759679,1.960612,2.277204,1.067211,0.005167,0
1.800040,1.590650,1.184461,2.333230,0.076268,2.332346,0.106040,1.771804,-0.074175,0
1.099225,1.676903,1.473125,0.041652,2.001186,2.409039,1.113490,2.810162,2.555922,0
1.966831,0.967781,-0.844419,1.260165,2.726107,0.724989,0.942835,1.224363,2.170776,0
2.010602,0.481363,0.175827,-0.091975,1.968810,0.946776,-0.867709,0.549748,2.827534,0
0.263451,2.180248,0.328599,1.003746,-0.406174,-0.208186,-1.295383,1.802120,3.397623,0
1.626837,1.389738,0.651830,1.121321,1.238329,1.740705,2.039574,0.437594,5.051816,0
1.319586,0.464738,-0.075379,0.800208,-0.939531,0.091453,0.461122,0.160852,1.420562,0
0.399742,2.608060,0.903853,-0.112384,0.449785,0.862400,1.540386,-0.094270,1.799712,0
3.720933,1.042995,-0.145784,0.342492,0.604916,0.079935,0.918667,0.801215,2.545685,0
-1.600312,0.406551,1.115989,0.531724,-0.873609,2.790066,-0.169525,0.130900,0.934198,0
-0.320336,0.811968,-0.231171,-0.568690,1.670445,1.317025,-1.780015,2.451346,1.648707,0
3.346221,1.573356,1.031075,1.098817,0.954091,2.425905,-0.203206,2.419353,1.172225,0
2.588402,1.585440,2.055010,2.444835,0.970599,0.012834,1.374095,2.744500,1.599033,0
-0.593121,1.245054,-0.137422,2.096648,0.232035,-0.283059,0.456446,0.138699,2.886454,0
3.256626,2.298042,0.906680,0.459993,0.768119,2.627935,1.452447,1.224921,2.933600,0
1.228026,1.704292,0.227994,0.181122,1.658110,2.301934,-0.760295,1.993028,2.902589,0
-1.377144,-1.019670,1.032343,0.007635,2.864999,0.559322,-1.097143,2.326199,1.663329,0
1.146824,2.121128,2.879274,-0.611714,1.626726,0.787892,0.503151,-1.233272,1.620550,0
0.085439,0.352289,0.743757,1.587862,-0.679200,0.323273,0.002925,0.344565,-0.054457,0
-0.242525,1.879332,-1.212909,2.275048,0.310403,0.855938,0.946903,1.998214,0.974261,0
1.138810,0.818304,0.685385,2.320988,-0.163118,-0.155591,-0.675452,2.251314,2.219521,0
0.787895,1.621942,1.431971,1.684537,-0.258920,1.749464,1.035223,0.474620,2.144295,0
1.246616,1.413764,0.893288,1.907682,-0.009046,0.577079,1.271930,0.255432,1.065965,0
1.652787,2.589022,1.774938,1.170124,0.349331,1.078132,-1.212070,1.534932,0.347368,0
-0.640476,0.863976,-0.865527,-0.230843,0.037720,0.698509,1.062035,0.568361,1.684322,0
1.743180,2.119944,0.054815,1.664147,0.135283,0.910334,1.133505,0.517556,-0.534485,0
1.557764,0.089076,-0.067989,1.659226,2.121397,0.943114,0.979473,0.701549,2.261978,0
1.659989,2.505964,-0.968941,1.050179,-0.229315,2.581835,0.023716,-0.117749,1.357349,0
-0.244649,0.505876,1.396530,2.775280,2.035965,0.929980,1.453490,2.433369,0.571239,0
2.563828,0.627022,0.141684,1.076682,0.776378,1.347102,-0.269327,0.636823,2.394453,0
0.667463,1.562694,-0.789049,1.343009,0.200466,0.792477,1.399012,1.289090,1.587494,0
1.656768,0.138663,0.269612,-0.749103,1.437673,3.673331,1.511705,2.322464,1.237142,0
1.635382,1.197237,1.245435,1.135288,1.369098,2.385400,1.067506,0.297121,0.897138,0
0.793597,1.461683,1.811346,1.333981,1.348773,0.883133,2.440330,1.018785,0.011340,0
1.656303,1.562441,1.259553,0.728225,0.571630,1.280662,1.466903,0.832398,1.763815,0
0.060078,2.426095,1.467773,0.318570,3.277688,0.972484,0.565589,-0.115006,2.427890,0
0.046848,-0.148886,1.140693,1.591660,0.551937,1.878664,0.666946,1.757910,2.014846,0
1.215148,1.770509,0.941502,1.771871,0.668185,-1.020846,0.988499,0.399975,0.963931,0
0.905629,0.051281,0.854185,-0.848240,0.970918,1.013297,0.554735,0.709648,1.250735,0
-0.111970,1.617518,0.934213,-1.686644,1.008265,2.147101,-1.034491,0.302671,1.794685,0
-0.222119,-0.091928,0.491239,0.940656,-1.056278,0.107277,1.230071,0.606013,2.457970,0
1.161199,1.368385,-0.764666,0.453148,2.589069,-0.180379,1.308796,0.370380,1.464228,0
1.671294,0.848262,-0.983226,-0.563832,2.199150,0.908938,-1.486621,2.227332,-0.218518,0
1.808924,1.074195,1.501602,-0.984592,2.496757,-0.209127,0.793858,-0.196286,3.153057,0
2.862271,0.323764,1.257769,0.260700,1.437647,0.326421,0.201289,0.550396,1.625411,0
-1.498091,2.790177,2.810784,-0.077545,1.609607,1.420285,1.551297,0.962140,2.440661,0
-0.016680,0.446078,-0.602947,1.294786,1.205259,2.283708,-0.429668,1.574350,2.203777,0
2.349583,0.632427,2.213373,2.220960,0.863143,0.906331,-0.842435,2.010683,0.378568,0
0.947137,1.112234,-1.419129,0.496464,1.337443,1.599612,-0.241639,2.363429,0.851983,0
1.434908,3.062049,-0.162647,1.970505,0.638575,2.625059,-0.022415,-0.608711,3.277991,0
1.596140,3.478876,0.310771,0.043526,2.024674,0.948348,0.385975,1.264217,1.166933,0
0.727328,0.058991,-0.591656,1.483508,1.158486,-0.924443,1.199926,0.534043,1.067874,0
0.506987,0.104561,2.504391,1.089688,-0.462801,1.013978,-0.114007,0.480023,1.219010,0
-0.086039,2.177930,2.705190,0.737116,1.390864,0.658394,0.485685,0.057237,0.965315,0
2.539143,-0.375704,-1.496749,0.495330,-0.295114,1.749023,1.412941,1.354924,1.001798,0
1.340203,-0.750305,-0.781737,1.542774,-0.216002,1.797050,-0.025463,-0.577352,0.806669,0
0.937492,0.313886,1.531265,-0.431036,-0.593658,1.371525,-0.245421,0.363165,0.789826,0
0.935444,2.491139,-0.539399,0.201123,0.962820,1.067925,0.016181,1.999019,3.619728,0
2.261799,0.820226,-0.383732,0.350298,0.776261,1.376118,1.122164,2.567151,2.006549,0
0.523702,1.025463,1.972381,0.669646,-0.248280,2.123792,1.468734,0.947130,0.988812,0
1.107040,0.801994,-0.260000,2.264154,1.618630,0.136082,2.043830,1.313584,0.874604,0
0.688400,0.547654,-0.667537,0.314277,1.064451,0.792111,-0.700884,2.348391,1.450914,0
0.998147,-0.592891,1.944658,1.789270,-0.311798,1.113361,0.283114,-0.775191,1.420547,0
1.530700,0.532342,1.456884,-0.038389,1.244193,0.346253,1.728248,-0.747180,2.795172,0
1.413497,1.066521,0.742771,0.797718,2.228379,0.427245,1.622360,0.535356,1.209421,0
0.688215,3.925177,-0.239437,3.580679,0.836834,0.403126,-0.410941,0.654568,1.124277,0
0.054452,0.253201,0.765621,-0.041347,0.529150,1.958239,-0.377842,1.578112,0.722415,0
1.617502,-0.332502,0.696375,-0.234970,-0.086527,2.116125,0.027564,1.826419,-1.030177,0
2.560716,0.907699,1.266562,0.508467,1.781165,1.800761,1.092745,1.014251,1.787138,0
1.095927,1.913149,1.150943,1.951223,1.335575,0.892238,-0.788673,0.086711,2.591092,0
-0.067750,0.726959,0.628034,1.225682,2.052102,1.514688,-0.042840,1.454446,-0.340842,0
1.575923,0.774366,0.680890,0.345554,0.903227,1.402347,2.561208,-1.006933,1.905748,0
-0.820941,0.745847,0.716367,1.083611,0.198413,-0.398278,0.254379,1.782582,1.986557,0
0.358687,0.950161,0.272121,-0.285630,2.265605,1.954679,0.342718,0.653735,2.690653,0
0.797526,-0.580768,-0.809228,0.810682,-1.032836,-0.206876,3.200043,1.008290,3.287227,0
2.356290,1.354251,0.803086,1.189872,1.652499,1.314446,0.553322,-0.793858,3.553456,0
1.012126,1.951005,-1.591847,1.043531,0.071170,-0.472131,-0.447290,2.393081,2.019608,0
1.734256,0.033676,2.989047,2.579029,1.153318,0.384159,0.271937,1.010821,1.511607,0
0.989567,1.712963,0.118249,1.151158,0.248299,0.295131,0.721813,2.108037,2.008669,0
0.786261,0.213242,0.220254,0.477210,1.556077,1.026927,0.102598,0.760492,2.864240,0
0.286591,0.593285,1.229477,2.159129,0.656656,1.466147,1.049971,1.087272,2.011098,0
-0.774711,1.116667,2.576301,0.661189,1.213681,0.713723,1.550202,0.928381,1.572290,0
0.734604,-0.035569,0.337451,-0.165368,1.138147,0.583746,-0.904195,2.609453,1.072684,0
2.476127,0.585221,0.497752,0.966026,2.002985,0.610336,0.074831,0.464952,2.025487,0
-0.198905,1.181659,1.605015,1.196079,1.675862,1.561483,1.159607,0.251286,2.386319,0
0.429492,1.931597,0.144692,1.503168,2.213798,1.097256,-0.686114,0.867312,4.136456,0
0.310404,2.058111,0.534121,-0.742016,-0.331942,-0.586599,0.967362,0.638737,2.953971,0
1.847904,-0.121468,1.378839,3.094748,-0.180965,2.155060,0.300371,1.296782,1.944071,0
2.475646,2.720238,-0.291303,1.812730,2.285968,1.324069,1.338141,1.022096,3.099275,0
1.005214,0.607344,-0.478952,1.381791,0.312586,2.118297,1.247690,1.503569,1.430130,0
1.428086,1.288507,0.755995,0.256162,0.572938,1.788483,1.798638,-0.232264,1.782541,0
0.858474,1.704158,0.913411,0.637560,-1.949477,1.643765,2.153861,0.321746,0.022530,0
-0.085378,1.421139,-0.005340,-0.062926,1.651064,1.827594,-0.317923,2.860344,0.219072,0
0.066467,2.748019,1.220474,1.010658,0.373665,1.923491,-0.416379,1.082571,2.506596,0
0.439808,-0.741676,0.914049,0.248115,1.705307,0.804413,0.536722,0.733150,2.267746,0
0.644082,1.846494,2.452132,2.014992,1.969539,0.744084,0.962870,-0.854699,-0.072627,0
-0.365544,1.543470,1.535520,2.533193,0.736162,-0.370095,0.437170,2.423918,0.809049,0
2.500846,1.966131,0.557955,0.204774,1.356353,1.594184,-0.248866,0.238894,1.010058,0
0.280684,1.673239,0.606629,3.036571,-0.625846,-0.413815,1.454852,2.861144,3.096959,0
1.134068,-0.307951,-0.907577,-0.235999,1.322662,0.678791,1.565164,0.102354,1.779017,0
2.552059,1.662840,1.585182,1.708728,2.253289,0.686688,-0.751633,1.318734,1.668824,0
1.315394,0.295679,1.490971,0.950304,0.427723,3.132551,0.878158,1.127685,1.583992,0
0.321739,-0.750886,-0.481259,1.464086,0.860330,1.574879,0.485763,0.896286,2.467867,0
1.846569,1.503163,-0.047011,1.682743,0.951632,2.484778,2.858639,1.688331,1.308790,0
0.837146,0.331467,1.338514,-0.625264,1.985508,-1.188576,-0.463871,-1.062371,2.845500,0
0.579265,2.264921,1.035663,1.526342,-0.294470,-0.780871,-0.578129,1.359658,2.909400,0
0.298654,1.577523,1.186771,2.739619,0.670014,0.941842,1.540345,0.224954,3.615426,0
1.224319,-0.573125,1.518139,0.730499,1.059575,0.334468,0.586885,1.902930,2.383278,0
1.650398,0.792426,0.719118,0.845539,0.842076,0.845610,1.934599,1.225177,2.205420,0
2.181855,0.636714,2.964627,1.523913,0.006829,-0.922693,1.319273,0.366079,0.672294,0
2.727508,0.915020,0.462787,-0.376984,1.556034,0.932526,-0.575086,-0.464683,0.294032,0
-0.216265,2.461617,1.248981,1.842867,1.263277,1.705990,1.114829,1.315623,0.667158,0
1.452753,-0.260811,-0.191505,-0.573285,1.374837,2.557354,-0.474777,0.588586,0.721521,0
-0.386414,2.110968,-0.857254,0.345508,0.906215,0.482361,-0.244232,2.424019,1.314290,0
1.304060,-0.688995,0.057528,1.155505,1.401365,1.726312,0.481419,2.114753,1.455750,0
1.117298,0.774932,0.580811,1.240891,-0.852406,1.788888,0.981022,0.602059,0.641260,0
1.473598,0.348143,0.645702,0.989881,-0.586016,1.058984,1.792298,1.425557,2.963886,0
2.685971,0.089518,2.054906,2.859331,2.512642,1.920483,1.458696,3.070323,0.547598,0
0.102205,2.060942,-0.040464,2.310625,0.557293,1.330686,0.095194,0.086359,1.733540,0
-1.133676,0.872816,-0.125235,1.598441,-0.587988,1.725093,0.061353,0.619465,1.225884,0
0.277348,0.122021,0.513961,-0.123793,1.123863,0.043366,-0.635693,1.184712,1.365745,0
2.092922,2.150528,0.832031,1.123784,-0.393783,1.512793,2.250163,1.414941,3.231024,0
1.029217,0.299976,-0.248529,0.745129,0.167367,0.870900,0.908517,0.445939,2.078667,0
1.300275,1.817086,1.899402,-1.131521,0.594214,0.792775,0.849017,0.276804,2.526328,0
1.575508,2.405830,1.214987,1.716658,0.698541,-0.405522,-1.251234,2.559743,2.368597,0
0.436328,0.769326,1.115363,1.185891,-0.674945,0.912138,-0.560668,2.085096,0.969493,0
0.631769,1.039072,-0.769450,0.522873,1.278655,0.765309,1.387772,2.125517,1.205355,0
1.473592,0.944171,1.438659,1.875448,2.358998,2.335583,-0.175278,1.204522,1.481967,0
0.764050,-0.732496,0.981706,1.385603,1.026498,1.327556,0.030098,2.158235,2.055506,0
2.636794,-0.352078,1.066526,1.165054,1.835095,1.632415,2.117901,0.003477,2.569842,0
0.915216,2.696812,2.235175,1.740693,0.374480,1.734356,-0.992415,0.926216,1.984928,0
2.010663,2.123275,-0.415361,1.913764,1.211497,1.838576,1.346989,1.874091,0.670075,0
-0.615515,1.195539,1.001006,-0.950046,0.539916,1.006347,-0.963713,0.904626,1.906655,0
-0.081842,0.432582,1.860678,1.877518,1.592879,0.049917,1.836027,0.026594,1.149621,0
0.080813,-0.014946,0.248064,1.911916,-0.373684,0.316950,0.185859,0.741764,2.760502,0
2.457726,1.642082,2.086387,0.935389,-1.870290,-0.762458,0.078150,0.622886,2.056711,0
-0.274587,0.987309,2.052518,2.217031,2.398119,2.008450,1.091953,2.205707,1.699488,0
1.767972,0.146657,1.797720,0.598475,1.389801,1.404457,-1.996878,1.816636,1.395997,0
1.834120,0.684268,1.721635,-0.057102,1.662183,-1.663942,0.348223,1.505788,0.746565,0
-0.301861,-0.853152,-0.009004,1.189028,0.332041,3.335924,-0.574489,0.692104,-0.115919,0
0.568377,2.555320,1.711898,0.735646,-0.060396,2.316136,-0.622216,2.073031,3.180453,0
1.625000,1.557997,2.682168,0.074647,-0.142890,-0.703548,0.876568,0.518855,2.526361,0
0.122126,1.579378,0.894668,1.519932,1.566827,1.406419,0.192614,3.248310,1.997582,0
0.757392,2.239195,1.268468,2.799855,1.033892,-0.747832,-0.663621,1.206509,0.732246,0
1.369530,1.903089,-0.270008,1.513546,0.637062,1.993746,1.289667,1.400697,0.640032,0
1.165177,-0.346095,0.679173,3.527753,1.216233,-0.377420,0.713124,1.092134,2.090311,0
-1.040254,1.873610,0.443184,1.048268,1.205802,1.448952,0.658729,0.088531,3.558201,0
0.315058,2.251099,0.530422,0.023948,1.506793,0.668768,0.685204,1.765567,0.287313,0
-0.222602,2.076904,0.163281,0.638185,0.269613,1.044377,1.198028,1.243614,3.718034,0
0.274523,1.391403,0.884492,2.190510,-0.859286,-0.939836,0.041196,0.337570,2.729090,0
0.480722,1.748098,0.771897,1.536715,0.626583,1.251095,-0.433394,1.853780,2.177770,0
1.736428,1.329519,1.810710,1.909290,-0.747222,1.554641,1.520654,0.976971,2.079234,0
3.082627,2.574269,-0.153756,1.805777,0.850751,1.296154,0.594992,1.368924,3.224461,0
-0.809288,1.495697,2.758628,3.514322,0.343904,1.741567,1.120345,1.328909,4.170998,0
-1.264437,1.234112,-1.603137,-0.847318,1.610968,0.491000,0.601854,1.184423,2.377625,0
1.862453,0.375791,1.518943,1.308955,1.749839,0.930641,-1.308969,1.302601,1.812263,0
